10005.jpg 329,331,463,364,0 462,324,590,353,1 0,295,659,548,2
10020.jpg 326,336,461,370,0 460,331,590,357,1 0,294,653,553,2
10035.jpg 319,333,455,369,0 454,331,580,358,1 0,0,649,555,2
10050.jpg 325,330,457,364,0 456,326,584,355,1 0,294,647,550,2
10065.jpg 313,337,449,374,0 448,335,569,364,1 0,302,634,556,2
10080.jpg 319,322,453,359,0 453,319,575,351,1 0,284,638,544,2
10095.jpg 318,310,449,351,0 449,309,570,341,1 0,272,638,530,2
10110.jpg 314,293,446,332,0 446,290,581,322,1 0,260,631,512,2
10125.jpg 301,287,431,326,0 430,284,568,317,1 0,251,611,502,2
10140.jpg 304,277,434,320,0 434,275,572,311,1 0,240,614,498,2
10155.jpg 296,280,427,323,0 427,278,565,312,1 0,243,605,502,2
10170.jpg 289,279,424,323,0 424,275,566,317,1 0,243,605,503,2
10185.jpg 278,282,411,327,0 412,277,552,321,1 0,243,593,501,2
1020.jpg 177,115,365,254,2
10200.jpg 281,271,418,315,0 418,268,559,311,1 0,235,597,498,2
10215.jpg 273,281,411,326,0 410,276,551,321,1 0,244,587,506,2
10230.jpg 273,275,411,323,0 410,271,552,317,1 0,233,590,502,2
10245.jpg 277,272,413,323,0 413,269,555,315,1 0,232,592,499,2
10260.jpg 275,270,416,320,0 415,267,558,314,1 0,229,595,499,2
10275.jpg 284,269,425,320,0 424,264,569,314,1 0,231,609,503,2
10290.jpg 295,273,435,326,0 433,269,579,319,1 0,232,614,501,2
10305.jpg 289,296,432,350,0 431,293,578,345,1 0,255,608,524,2
10320.jpg 292,342,434,399,0 432,342,579,394,1 0,301,608,574,2
10335.jpg 295,344,438,405,0 437,343,587,400,1 0,309,613,571,2
1035.jpg 195,115,359,257,2
10350.jpg 288,342,433,403,0 432,338,581,400,1 0,310,608,570,2
10365.jpg 283,360,428,423,0 427,359,580,420,1 0,308,608,587,2
10380.jpg 278,356,425,418,0 424,354,578,417,1 0,306,605,583,2
10395.jpg 280,357,428,422,0 426,356,584,422,1 0,303,608,583,2
10410.jpg 279,357,431,424,0 430,357,590,426,1 0,293,615,584,2
10425.jpg 268,352,419,420,0 418,351,578,417,1 0,276,600,575,2
10440.jpg 269,352,422,423,0 422,351,586,421,1 0,275,605,576,2
10455.jpg 271,359,430,430,0 430,359,599,426,1 0,0,613,584,2
10470.jpg 259,372,419,447,0 418,372,591,442,1 0,284,608,597,2
10485.jpg 237,393,406,470,0 405,393,585,464,1 0,127,604,616,2
105.jpg 151,16,467,303,2
1050.jpg 207,121,356,263,2
10500.jpg 253,412,423,492,0 423,410,603,484,1 0,175,619,635,2
10515.jpg 256,432,429,515,0 429,429,614,507,1 0,242,634,648,2
10530.jpg 256,464,433,547,0 432,461,619,538,1 0,300,641,682,2
1065.jpg 239,127,373,272,2
1080.jpg 268,153,395,305,2
1095.jpg 270,166,391,311,2
11010.jpg 302,221,449,253,0 448,222,559,249,1 0,181,632,463,2
11025.jpg 302,244,450,277,0 449,243,560,275,1 0,203,632,484,2
11040.jpg 298,256,444,291,0 444,256,552,287,1 0,204,628,491,2
11055.jpg 304,250,451,287,0 450,250,558,282,1 0,209,630,487,2
11070.jpg 300,239,449,279,0 448,239,557,276,1 0,196,623,480,2
11085.jpg 288,237,438,277,0 437,237,549,274,1 0,197,620,485,2
1110.jpg 258,173,379,313,2
11100.jpg 283,222,431,267,0 430,224,543,264,1 0,187,610,473,2
11115.jpg 289,226,440,270,0 439,226,551,267,1 0,181,617,476,2
11130.jpg 278,229,430,275,0 429,228,540,271,1 0,184,609,484,2
11145.jpg 263,240,416,285,0 416,240,529,282,1 0,187,594,491,2
11160.jpg 257,237,410,285,0 409,234,523,281,1 0,190,590,491,2
11175.jpg 264,244,419,297,0 419,237,555,288,1 0,194,599,504,2
11190.jpg 248,277,404,330,0 403,272,539,326,1 0,230,582,532,2
11205.jpg 245,275,400,330,0 399,270,536,325,1 0,228,581,532,2
11220.jpg 239,284,390,341,0 392,275,528,335,1 0,242,581,535,2
11235.jpg 254,296,405,355,0 404,287,537,348,1 0,242,579,546,2
1125.jpg 201,187,329,327,2
11250.jpg 245,299,399,357,0 399,287,535,351,1 0,233,575,556,2
11265.jpg 249,308,404,372,0 404,299,540,363,1 0,257,575,561,2
11280.jpg 249,326,405,391,0 403,317,540,383,1 0,274,575,586,2
11295.jpg 240,324,398,389,0 398,315,541,385,1 0,284,572,579,2
11310.jpg 235,323,390,389,0 389,316,531,383,1 0,272,587,646,2
11325.jpg 234,311,393,376,0 392,304,535,373,1 0,261,567,564,2
11340.jpg 233,303,396,376,0 395,299,542,367,1 0,253,567,554,2
11355.jpg 242,297,406,367,0 404,293,550,361,1 0,243,589,562,2
11370.jpg 239,272,408,345,0 408,268,555,338,1 0,203,585,531,2
11385.jpg 236,274,407,347,0 406,266,558,341,1 0,197,589,527,2
1140.jpg 188,200,330,330,2
11400.jpg 236,281,402,361,0 401,278,557,352,1 0,220,595,540,2
11415.jpg 222,296,392,376,0 392,290,542,367,1 0,225,570,549,2
11430.jpg 213,317,385,400,0 385,310,537,386,1 0,233,567,576,2
11445.jpg 225,316,394,398,0 394,312,547,388,1 0,224,579,567,2
11460.jpg 241,332,415,413,0 414,326,569,407,1 0,232,594,582,2
11475.jpg 250,343,429,427,0 428,337,584,420,1 0,247,608,583,2
1155.jpg 182,179,334,308,2
1170.jpg 175,195,336,320,2
1185.jpg 171,211,348,338,2
120.jpg 137,20,437,308,2
1200.jpg 147,236,338,364,2
12015.jpg 374,211,521,249,0 520,210,614,237,1 0,173,690,460,2
12030.jpg 368,203,511,241,0 510,200,608,229,1 0,157,688,458,2
12045.jpg 353,196,499,230,0 498,192,596,221,1 0,142,665,450,2
12060.jpg 342,185,491,224,0 490,181,589,212,1 0,144,667,447,2
12075.jpg 348,169,499,208,0 498,165,594,198,1 0,126,664,429,2
12090.jpg 328,151,475,191,0 474,148,572,184,1 0,113,645,412,2
12105.jpg 313,122,463,162,0 464,125,560,158,1 0,85,629,390,2
12120.jpg 280,101,436,143,0 436,104,533,140,1 0,67,599,385,2
12135.jpg 267,87,428,134,0 427,94,526,131,1 0,0,546,393,2
1215.jpg 121,234,320,360,2
12150.jpg 254,93,418,140,0 418,101,513,141,1 0,52,578,393,2
12165.jpg 241,99,406,150,0 406,104,534,149,1 0,39,569,394,2
12180.jpg 248,96,411,147,0 409,101,541,145,1 0,66,587,391,2
12195.jpg 233,115,400,170,0 401,121,531,167,1 0,67,564,413,2
12210.jpg 220,117,394,171,0 393,122,525,174,1 0,61,561,443,2
12225.jpg 236,146,405,205,0 403,150,537,208,1 0,82,568,466,2
12240.jpg 230,160,405,220,0 405,163,539,220,1 0,111,585,472,2
12255.jpg 209,160,384,220,0 383,161,520,219,1 0,114,563,469,2
12270.jpg 221,167,397,227,0 395,164,534,228,1 0,130,585,462,2
12285.jpg 225,180,406,247,0 404,178,542,249,1 0,136,565,481,2
1230.jpg 107,229,312,355,2
12300.jpg 227,190,404,261,0 402,191,543,261,1 0,133,563,491,2
12315.jpg 219,196,400,267,0 398,196,540,266,1 0,163,588,498,2
12330.jpg 222,205,404,279,0 403,204,543,279,1 0,170,600,499,2
12345.jpg 212,234,393,309,0 394,235,527,309,1 0,193,557,526,2
12360.jpg 206,243,393,317,0 392,241,537,323,1 0,182,563,532,2
12375.jpg 206,251,395,333,0 393,250,541,329,1 0,205,583,538,2
12390.jpg 220,258,408,335,0 406,258,556,339,1 0,208,604,540,2
12405.jpg 195,277,386,361,0 384,277,538,360,1 0,209,570,561,2
12420.jpg 206,285,399,367,0 397,284,551,370,1 0,210,578,562,2
12435.jpg 203,299,395,385,0 394,298,550,385,1 0,208,556,595,2
1245.jpg 85,234,292,352,2
12450.jpg 207,309,397,396,0 397,307,549,393,1 0,242,569,572,2
12465.jpg 211,326,403,414,0 402,323,556,410,1 0,240,572,588,2
12480.jpg 201,347,394,435,0 394,343,547,433,1 0,255,576,609,2
12495.jpg 203,371,401,464,0 400,368,553,454,1 0,275,606,609,2
12510.jpg 198,387,397,477,0 395,382,550,472,1 0,287,568,626,2
12525.jpg 199,399,396,491,0 393,397,554,490,1 0,292,573,658,2
1260.jpg 77,248,298,362,2
1275.jpg 39,282,273,406,2
1290.jpg 35,326,275,455,2
13005.jpg 315,277,464,309,0 463,275,537,304,1 0,227,617,541,2
13020.jpg 302,286,453,317,0 453,282,527,311,1 0,237,606,539,2
13035.jpg 302,278,457,311,0 456,274,531,308,1 0,234,610,545,2
1305.jpg 68,347,332,483,2
13050.jpg 292,274,446,312,0 446,270,521,305,1 0,239,601,537,2
13065.jpg 291,251,450,289,0 449,247,523,283,1 0,216,601,516,2
13080.jpg 282,250,440,289,0 439,248,513,285,1 0,209,586,520,2
13095.jpg 279,232,440,273,0 439,231,516,269,1 0,192,590,505,2
13110.jpg 255,220,418,262,0 417,219,492,258,1 0,178,564,494,2
13125.jpg 246,215,410,259,0 409,211,486,255,1 0,171,561,488,2
13140.jpg 258,204,420,247,0 419,201,525,242,1 0,160,574,479,2
13155.jpg 239,220,400,264,0 399,217,505,261,1 0,170,549,491,2
13170.jpg 248,213,410,265,0 409,210,517,256,1 0,167,557,493,2
13185.jpg 235,211,396,263,0 395,208,505,259,1 0,160,543,491,2
1320.jpg 115,346,381,478,2
13200.jpg 219,218,385,269,0 384,215,492,270,1 0,182,530,503,2
13215.jpg 218,257,381,311,0 380,255,487,308,1 0,211,525,537,2
13230.jpg 200,263,364,319,0 362,260,469,319,1 0,216,508,549,2
13245.jpg 199,258,365,314,0 364,254,476,312,1 0,219,526,609,2
13260.jpg 194,257,366,319,0 365,255,480,316,1 0,210,511,580,2
13275.jpg 183,255,357,325,0 356,253,471,322,1 0,189,493,571,2
13290.jpg 191,277,367,343,0 366,274,484,341,1 0,219,518,589,2
13305.jpg 197,281,379,348,0 378,278,499,348,1 0,237,535,570,2
13320.jpg 201,273,387,348,0 386,267,513,343,1 0,216,549,583,2
13335.jpg 198,264,384,344,0 383,261,510,339,1 0,211,540,553,2
1335.jpg 112,379,376,508,2
13350.jpg 199,257,390,337,0 389,254,519,332,1 0,210,600,550,2
13365.jpg 186,275,380,356,0 380,271,513,353,1 0,216,551,577,2
13380.jpg 180,284,378,372,0 377,281,510,368,1 0,213,550,576,2
13395.jpg 183,296,389,381,0 387,293,526,382,1 0,231,549,580,2
13410.jpg 190,310,394,399,0 393,307,532,397,1 0,232,564,594,2
13425.jpg 180,328,384,418,0 383,326,522,411,1 0,234,577,609,2
13440.jpg 180,337,382,431,0 380,334,519,423,1 0,256,540,605,2
13455.jpg 178,357,382,452,0 380,354,521,449,1 0,260,554,617,2
13470.jpg 189,354,393,452,0 392,353,536,448,1 0,245,583,584,2
13485.jpg 201,356,405,455,0 404,355,546,446,1 0,246,572,620,2
135.jpg 153,29,423,322,2
1350.jpg 76,347,351,483,2
1365.jpg 121,360,396,495,2
1380.jpg 163,321,442,455,2
1395.jpg 133,293,415,428,2
1410.jpg 85,289,371,428,2
1425.jpg 16,268,310,408,2
1440.jpg 1,299,248,426,2
1455.jpg 28,309,281,427,2
1470.jpg 82,305,321,428,2
1485.jpg 84,290,320,422,2
15.jpg 138,110,471,293,2
150.jpg 185,49,427,350,2
1500.jpg 114,300,335,444,2
1515.jpg 154,287,348,426,2
1530.jpg 162,288,337,415,2
1545.jpg 148,289,296,412,2
1560.jpg 150,276,300,408,2
1575.jpg 152,277,285,417,2
1590.jpg 195,270,311,428,2
1605.jpg 197,271,327,435,2
1620.jpg 185,258,337,418,2
1635.jpg 148,266,320,428,2
165.jpg 197,56,418,361,2
1650.jpg 131,251,315,411,2
1665.jpg 158,252,363,410,2
1680.jpg 155,253,383,410,2
1695.jpg 138,248,385,415,2
1710.jpg 94,256,345,421,2
1725.jpg 63,254,318,421,2
1740.jpg 52,257,314,418,2
1755.jpg 85,252,356,418,2
1770.jpg 90,242,365,409,2
1785.jpg 71,248,359,421,2
180.jpg 196,42,388,339,2
1800.jpg 52,241,352,418,2
1815.jpg 33,224,329,403,2
1830.jpg 66,219,361,418,2
1845.jpg 173,214,479,456,2
1860.jpg 236,203,567,483,2
1875.jpg 121,290,451,555,2
1890.jpg 95,254,403,483,2
1905.jpg 88,253,382,439,2
1920.jpg 63,258,347,402,2
1935.jpg 94,249,370,372,2
195.jpg 202,32,361,317,2
1950.jpg 89,236,377,376,2
1965.jpg 120,232,398,402,2
1980.jpg 143,201,405,399,2
1995.jpg 134,175,385,384,2
20015.jpg 379,162,450,180,0 118,134,504,294,2
20030.jpg 372,158,446,176,0 117,131,458,234,2
20045.jpg 371,154,442,175,0 113,130,499,290,2
20060.jpg 363,158,435,179,0 100,135,487,294,2
20075.jpg 352,159,425,185,0 79,1,481,300,2
20090.jpg 355,149,430,172,0 86,0,487,294,2
2010.jpg 135,135,376,354,2
20105.jpg 367,146,445,171,0 446,144,470,149,1 96,0,473,285,2
20120.jpg 366,134,449,158,0 449,131,475,138,1 94,0,504,288,2
20135.jpg 354,149,438,176,0 438,146,465,154,1 75,0,496,301,2
20150.jpg 362,177,443,205,0 444,175,468,188,1 86,0,485,354,2
20165.jpg 377,199,460,232,0 461,197,489,214,1 127,0,508,355,2
20180.jpg 462,220,491,240,1 377,221,462,257,0 112,0,510,379,2
20195.jpg 365,245,453,279,0 452,240,482,265,1 60,9,511,399,2
20210.jpg 357,261,446,301,0 446,260,477,285,1 27,50,507,428,2
20225.jpg 345,278,441,318,0 440,275,471,308,1 36,60,502,459,2
20240.jpg 351,304,450,347,0 449,301,482,335,1 68,107,503,474,2
2025.jpg 157,121,383,349,2
20255.jpg 344,357,444,405,0 443,351,476,397,1 75,175,501,535,2
20270.jpg 369,374,471,419,0 470,371,503,417,1 50,195,527,530,2
20285.jpg 386,388,492,437,0 491,387,520,431,1 56,244,549,558,2
20300.jpg 394,428,498,474,0 498,425,530,472,1 45,294,548,590,2
20315.jpg 487,457,519,506,1 19,370,545,610,2
20330.jpg 379,366,481,416,0 482,371,513,421,1 35,204,546,533,2
20345.jpg 479,324,512,373,1 59,71,553,469,2
20360.jpg 360,278,462,358,0 452,331,497,381,1 75,67,531,475,2
20375.jpg 334,266,440,350,0 426,328,472,373,1 94,43,519,463,2
20390.jpg 356,281,447,382,0 422,375,471,412,1 188,34,516,517,2
2040.jpg 170,100,384,333,2
20405.jpg 417,401,468,438,1 362,304,451,405,0 181,41,486,523,2
20420.jpg 381,304,463,405,0 431,404,481,438,1 167,11,548,523,2
20435.jpg 348,310,418,420,0 367,416,421,450,1 238,33,482,526,2
20450.jpg 372,324,424,435,0 370,434,419,466,1 264,54,511,535,2
20465.jpg 346,324,406,434,0 337,433,392,464,1 239,40,514,537,2
20480.jpg 304,313,387,406,0 286,400,337,437,1 202,34,582,529,2
20495.jpg 286,348,338,388,1 323,272,409,360,0 222,0,659,499,2
20510.jpg 288,242,398,311,0 251,290,295,332,1 208,0,716,458,2
20525.jpg 223,208,261,243,1 260,187,371,238,0 178,0,720,325,2
20540.jpg 200,204,232,238,1 232,204,341,247,0 162,7,713,374,2
2055.jpg 161,88,359,334,2
20555.jpg 184,214,290,259,0 152,212,185,245,1 113,16,632,405,2
20570.jpg 123,219,156,247,1 156,219,256,261,0 101,2,584,397,2
20585.jpg 147,228,243,272,0 112,232,147,256,1 81,0,585,412,2
20600.jpg 125,216,156,235,1 156,215,255,252,0 99,9,573,381,2
20615.jpg 130,203,162,216,1 161,201,257,239,0 115,0,556,380,2
20630.jpg 114,188,153,202,1 154,191,246,223,0 77,8,573,367,2
20645.jpg 127,183,218,216,0 63,0,546,362,2
20660.jpg 124,184,213,211,0 47,0,543,367,2
20675.jpg 129,184,213,212,0 48,0,535,356,2
20690.jpg 130,146,214,171,0 60,0,532,320,2
2070.jpg 175,85,359,334,2
2085.jpg 199,87,350,335,2
210.jpg 238,41,387,323,2
2100.jpg 206,92,334,336,2
21005.jpg 162,37,514,221,2
21020.jpg 154,27,510,218,2
21035.jpg 138,29,493,216,2
21050.jpg 117,22,487,219,2
21065.jpg 120,27,451,244,2
21080.jpg 108,0,445,205,2
21095.jpg 319,31,393,51,0 59,0,462,175,2
21110.jpg 358,54,437,74,0 60,0,494,196,2
21125.jpg 369,83,450,107,0 86,0,506,241,2
21140.jpg 349,124,439,152,0 440,128,470,138,1 58,0,494,295,2
2115.jpg 228,63,338,294,2
21155.jpg 347,121,441,152,0 442,125,470,140,1 56,0,508,289,2
21170.jpg 347,135,440,169,0 441,139,471,157,1 46,0,493,315,2
21185.jpg 340,170,440,208,0 440,171,471,195,1 37,0,492,350,2
21200.jpg 337,207,443,247,0 443,205,472,239,1 21,11,497,380,2
21215.jpg 356,226,461,273,0 461,226,493,262,1 47,21,521,406,2
21230.jpg 353,252,464,297,0 463,250,497,290,1 0,14,548,433,2
21245.jpg 362,276,471,323,0 471,274,504,317,1 0,35,536,461,2
21260.jpg 364,291,468,339,0 467,290,501,332,1 35,97,530,460,2
21275.jpg 366,298,470,346,0 469,295,502,341,1 0,103,530,467,2
21290.jpg 355,299,460,348,0 460,299,494,345,1 0,105,526,472,2
2130.jpg 209,51,335,280,2
21305.jpg 351,301,461,350,0 460,298,489,345,1 41,139,511,491,2
21320.jpg 361,317,468,365,0 467,314,497,361,1 43,149,523,497,2
21335.jpg 345,282,449,332,0 450,293,485,345,1 43,104,536,464,2
21350.jpg 271,357,353,450,0 333,443,380,475,1 112,110,440,539,2
21365.jpg 354,419,398,461,1 307,330,379,425,0 158,72,459,524,2
21380.jpg 357,418,407,452,1 325,321,392,419,0 203,61,475,518,2
21395.jpg 354,401,399,428,1 354,307,399,404,0 278,59,484,494,2
21410.jpg 362,287,407,373,0 349,372,393,398,1 265,55,541,456,2
21425.jpg 340,355,380,385,1 357,276,422,357,0 283,48,616,461,2
21440.jpg 330,248,405,326,0 301,315,340,348,1 242,30,654,457,2
2145.jpg 180,80,323,306,2
21455.jpg 332,300,368,332,1 362,245,449,314,0 284,28,720,435,2
21470.jpg 293,301,331,341,1 328,269,426,327,0 245,46,720,467,2
21485.jpg 264,278,360,325,0 232,292,263,339,1 210,54,681,455,2
21500.jpg 226,263,320,307,0 189,270,225,306,1 177,58,643,455,2
21515.jpg 192,250,291,294,0 161,251,192,289,1 141,25,634,431,2
2160.jpg 141,100,308,336,2
2175.jpg 131,108,319,338,2
2190.jpg 146,124,345,353,2
22010.jpg 154,0,519,339,2
22025.jpg 170,0,528,376,2
22040.jpg 319,248,388,261,0 389,246,448,253,1 142,0,492,362,2
2205.jpg 134,141,348,366,2
22055.jpg 383,243,441,252,1 310,246,382,257,0 143,0,512,357,2
22070.jpg 309,248,382,261,0 382,243,464,254,1 145,0,508,370,2
22085.jpg 378,221,459,232,1 303,225,374,241,0 142,0,496,355,2
22100.jpg 386,228,472,241,1 315,231,387,246,0 135,0,491,354,2
22115.jpg 401,210,484,223,1 328,212,400,229,0 163,0,526,348,2
22130.jpg 404,207,492,223,1 330,210,404,228,0 159,0,527,349,2
22145.jpg 401,187,489,204,1 322,188,401,209,0 145,0,524,340,2
22160.jpg 407,180,496,198,1 327,182,405,202,0 146,0,524,341,2
22175.jpg 388,176,482,197,1 309,179,388,202,0 133,0,512,337,2
22190.jpg 389,173,493,199,1 310,176,390,202,0 134,0,512,332,2
2220.jpg 119,160,346,374,2
22205.jpg 313,175,395,201,0 392,172,499,199,1 153,0,523,330,2
22220.jpg 306,169,389,197,0 388,166,493,192,1 136,0,508,328,2
22235.jpg 292,181,379,209,0 377,178,484,208,1 116,0,504,349,2
22250.jpg 296,192,380,226,0 380,190,488,223,1 114,0,503,365,2
22265.jpg 296,191,382,231,0 383,190,496,228,1 109,0,497,373,2
22280.jpg 288,222,375,264,0 374,220,489,257,1 96,3,508,380,2
22295.jpg 288,232,377,275,0 377,231,489,269,1 76,0,514,385,2
22310.jpg 283,257,373,297,0 372,254,491,297,1 63,16,510,408,2
22325.jpg 273,281,370,327,0 370,278,489,322,1 71,66,511,435,2
22340.jpg 281,297,376,346,0 375,297,502,343,1 65,101,510,449,2
2235.jpg 82,160,321,366,2
22355.jpg 282,339,379,383,0 379,336,506,382,1 68,152,520,490,2
22370.jpg 263,372,363,421,0 362,370,491,419,1 44,206,504,520,2
22385.jpg 245,386,340,435,0 339,387,473,429,1 17,231,496,537,2
22400.jpg 234,396,337,445,0 336,395,466,444,1 21,249,476,557,2
22415.jpg 341,390,475,437,1 243,392,340,441,0 11,249,491,549,2
22430.jpg 234,406,322,435,0 323,390,457,437,1 24,255,472,545,2
22445.jpg 190,375,293,432,0 292,396,423,452,1 0,229,448,554,2
22460.jpg 238,357,333,427,0 332,398,464,479,1 17,169,490,564,2
22475.jpg 255,364,353,447,0 336,427,463,533,1 64,176,504,618,2
22490.jpg 279,371,368,464,0 344,451,465,570,1 97,182,509,642,2
225.jpg 222,5,396,292,2
2250.jpg 88,123,335,310,2
22505.jpg 326,334,405,432,0 376,422,482,553,1 178,39,478,518,2
22520.jpg 332,308,389,407,0 362,405,438,538,1 191,0,502,586,2
22535.jpg 339,284,396,383,0 354,381,416,512,1 240,0,484,559,2
22550.jpg 335,318,379,414,0 335,413,377,535,1 234,0,457,582,2
22565.jpg 309,337,369,415,0 268,413,337,536,1 189,0,513,591,2
22580.jpg 246,398,341,499,1 324,324,395,401,0 179,22,579,571,2
22595.jpg 321,336,392,398,0 226,385,334,474,1 160,46,602,550,2
22610.jpg 319,373,410,426,0 207,406,320,460,1 174,145,644,550,2
22625.jpg 333,380,416,422,0 216,392,331,438,1 179,307,620,554,2
22640.jpg 336,351,422,389,0 225,352,336,400,1 201,126,649,505,2
2265.jpg 87,119,335,293,2
22655.jpg 334,323,419,362,0 224,322,333,365,1 179,103,638,471,2
22670.jpg 331,281,417,321,0 219,282,334,322,1 192,27,625,440,2
22685.jpg 279,270,369,309,0 163,272,280,308,1 115,0,605,436,2
22700.jpg 284,240,368,274,0 171,246,284,280,1 142,0,579,410,2
22715.jpg 301,219,384,250,0 191,222,302,252,1 178,0,571,373,2
22730.jpg 287,201,372,228,0 178,203,287,233,1 151,9,573,341,2
22745.jpg 284,172,368,197,0 177,174,285,200,1 164,0,553,317,2
2280.jpg 112,131,368,295,2
2295.jpg 111,149,371,305,2
23015.jpg 334,131,396,143,0 397,131,452,141,1 165,0,496,230,2
23030.jpg 316,131,381,142,0 381,131,433,139,1 147,1,471,228,2
23045.jpg 304,146,367,161,0 366,146,422,157,1 132,4,454,248,2
23060.jpg 369,154,423,166,1 304,154,370,168,0 131,1,455,254,2
23075.jpg 306,137,373,153,0 372,137,429,150,1 128,2,461,244,2
23090.jpg 353,130,411,144,1 284,128,354,146,0 110,5,442,238,2
2310.jpg 146,165,421,316,2
23105.jpg 280,133,349,150,0 348,133,407,150,1 98,8,445,251,2
23120.jpg 357,154,415,173,1 286,151,358,172,0 96,0,457,263,2
23135.jpg 299,184,373,207,0 372,186,449,205,1 102,6,468,310,2
23150.jpg 381,199,459,220,1 304,196,382,220,0 102,0,481,342,2
23165.jpg 312,208,391,238,0 389,212,471,235,1 108,0,484,352,2
23180.jpg 310,201,392,231,0 392,203,472,229,1 108,0,485,355,2
23195.jpg 319,202,402,233,0 402,206,487,232,1 106,0,494,361,2
23210.jpg 405,207,493,235,1 320,203,406,239,0 122,0,509,370,2
23225.jpg 322,220,414,258,0 413,222,505,255,1 95,0,529,381,2
23240.jpg 407,219,505,258,1 314,219,407,258,0 80,0,523,380,2
2325.jpg 175,165,442,304,2
23255.jpg 295,204,393,241,0 392,204,492,243,1 47,0,514,366,2
23270.jpg 377,207,481,247,1 275,205,378,249,0 34,0,502,374,2
23285.jpg 282,207,384,252,0 383,208,489,252,1 21,0,508,368,2
23300.jpg 369,188,475,234,1 263,188,367,235,0 0,0,497,351,2
23315.jpg 297,175,407,221,0 406,175,513,217,1 27,0,531,341,2
23330.jpg 406,189,517,235,1 301,190,407,240,0 43,0,529,352,2
23345.jpg 318,225,429,278,0 428,225,543,274,1 54,24,561,391,2
23360.jpg 448,265,566,314,1 335,264,449,315,0 51,101,598,423,2
23375.jpg 286,326,402,380,0 401,328,522,382,1 15,155,560,491,2
23390.jpg 385,365,508,420,1 266,362,385,418,0 10,205,516,522,2
2340.jpg 189,141,442,261,2
23405.jpg 271,340,391,410,0 390,354,520,424,1 14,190,539,514,2
23420.jpg 392,345,523,423,1 274,322,391,396,0 0,166,568,503,2
23435.jpg 254,286,376,376,0 372,331,498,415,1 0,103,523,434,2
23450.jpg 298,257,408,343,0 397,310,522,399,1 45,56,566,494,2
23465.jpg 401,318,520,403,1 305,269,412,344,0 89,80,550,489,2
23480.jpg 322,252,427,334,0 411,312,526,397,1 79,0,559,482,2
23495.jpg 396,331,503,433,1 322,259,411,341,0 111,0,550,510,2
23510.jpg 345,247,432,347,0 406,333,501,442,1 156,0,559,504,2
23525.jpg 361,236,442,337,0 399,331,496,441,1 207,0,552,498,2
23540.jpg 364,224,437,325,0 390,322,469,431,1 242,13,524,474,2
2355.jpg 205,143,455,259,2
23555.jpg 384,242,441,343,0 395,343,452,447,1 292,0,527,495,2
23570.jpg 383,348,430,453,1 395,247,443,347,0 310,0,525,492,2
23585.jpg 394,228,440,330,0 373,330,425,432,1 301,0,525,487,2
23600.jpg 346,320,409,424,1 379,225,444,320,0 281,0,546,476,2
23615.jpg 386,237,452,328,0 336,327,414,431,1 275,0,579,468,2
23630.jpg 336,327,409,430,1 369,231,445,327,0 287,0,582,477,2
23645.jpg 366,211,427,306,0 310,297,393,403,1 249,0,558,459,2
23660.jpg 292,291,370,391,1 348,202,420,290,0 246,0,579,450,2
23675.jpg 338,228,429,318,0 264,304,367,397,1 224,24,611,459,2
23690.jpg 254,293,354,385,1 326,228,426,312,0 208,26,622,428,2
2370.jpg 194,144,449,283,2
23705.jpg 332,237,430,305,0 249,290,358,368,1 201,0,642,444,2
23720.jpg 232,263,343,326,1 329,221,426,282,0 195,0,671,414,2
23735.jpg 321,240,417,287,0 222,273,331,315,1 198,7,674,411,2
23750.jpg 241,266,346,313,1 344,252,442,300,0 190,37,674,412,2
23765.jpg 335,291,437,338,0 233,297,336,340,1 216,122,679,447,2
23780.jpg 224,306,331,355,1 328,309,430,356,0 200,122,669,470,2
23795.jpg 333,287,432,330,0 231,282,333,329,1 199,74,662,426,2
23810.jpg 219,260,317,303,1 316,261,411,305,0 187,34,640,415,2
23825.jpg 308,240,400,282,0 216,236,309,279,1 195,5,631,391,2
23840.jpg 168,225,259,265,1 260,230,344,267,0 152,0,561,373,2
2385.jpg 167,115,425,296,2
23855.jpg 244,215,329,252,0 157,211,244,247,1 149,0,538,363,2
23870.jpg 172,213,258,247,1 257,216,337,248,0 156,0,549,359,2
23885.jpg 268,218,346,249,0 186,215,267,245,1 170,0,551,363,2
23900.jpg 188,212,264,239,1 263,213,337,243,0 168,0,540,349,2
23915.jpg 254,223,329,248,0 179,223,255,245,1 154,0,526,350,2
23930.jpg 188,219,259,240,1 257,219,331,244,0 156,0,530,355,2
23945.jpg 251,215,324,238,0 181,213,252,236,1 135,0,517,350,2
23960.jpg 199,201,259,220,1 259,201,336,222,0 155,0,538,330,2
23975.jpg 195,202,255,220,1 255,201,332,223,0 139,0,516,334,2
23990.jpg 248,192,329,212,0 192,193,250,211,1 132,0,522,325,2
240.jpg 178,24,373,322,2
2400.jpg 184,104,425,305,2
24005.jpg 190,184,254,200,1 254,183,326,202,0 145,1,531,309,2
24020.jpg 253,160,329,177,0 192,158,255,174,1 155,0,526,282,2
24035.jpg 215,104,279,120,1 278,106,355,122,0 174,0,546,224,2
2415.jpg 181,104,399,318,2
2430.jpg 166,104,371,338,2
2445.jpg 197,75,366,318,2
2460.jpg 174,50,333,305,2
2475.jpg 198,58,328,316,2
2490.jpg 237,58,342,309,2
25010.jpg 138,0,600,290,2
25025.jpg 193,162,267,170,1 267,160,352,171,0 139,0,583,298,2
25040.jpg 213,182,285,194,1 285,182,372,196,0 174,7,603,322,2
2505.jpg 212,78,324,333,2
25055.jpg 282,175,370,193,0 212,175,284,190,1 187,0,593,318,2
25070.jpg 276,203,361,223,0 204,203,277,219,1 155,0,591,351,2
25085.jpg 272,201,357,218,0 202,200,273,218,1 169,0,579,362,2
25100.jpg 291,199,372,219,0 221,199,293,219,1 176,0,590,332,2
25115.jpg 296,206,374,229,0 224,207,296,226,1 187,0,584,341,2
25130.jpg 320,201,395,225,0 244,200,319,223,1 204,0,601,367,2
25145.jpg 325,191,401,216,0 250,191,325,214,1 217,0,606,356,2
25160.jpg 330,169,410,197,0 253,170,331,194,1 248,5,621,317,2
25175.jpg 325,189,404,215,0 237,189,323,216,1 216,0,613,334,2
25190.jpg 328,208,415,240,0 240,207,328,239,1 221,0,627,359,2
2520.jpg 162,80,308,349,2
25205.jpg 310,219,399,251,0 219,218,311,251,1 197,0,615,374,2
25220.jpg 322,221,413,258,0 231,222,321,258,1 198,3,633,391,2
25235.jpg 306,239,402,276,0 214,238,305,276,1 182,0,636,401,2
25250.jpg 276,244,371,283,0 177,245,276,286,1 161,0,602,407,2
25265.jpg 267,240,365,282,0 165,243,270,283,1 138,0,602,400,2
25280.jpg 251,251,352,295,0 148,257,254,303,1 109,0,593,430,2
25295.jpg 244,281,341,329,0 136,297,243,338,1 91,22,588,458,2
25310.jpg 177,344,280,385,1 278,316,376,358,0 134,55,630,509,2
25325.jpg 333,350,425,407,0 236,395,337,438,1 185,106,652,550,2
25340.jpg 242,404,341,450,1 334,360,422,400,0 194,88,650,547,2
2535.jpg 147,78,317,339,2
25355.jpg 222,411,314,474,1 307,354,388,417,0 177,107,610,566,2
25370.jpg 354,359,437,423,0 273,426,371,499,1 218,108,634,585,2
25385.jpg 368,323,438,411,0 291,407,373,499,1 227,93,647,557,2
25400.jpg 368,331,434,422,0 309,422,379,514,1 255,100,596,582,2
25415.jpg 363,339,422,435,0 312,436,371,534,1 255,86,553,588,2
25430.jpg 369,333,420,429,0 333,429,390,532,1 265,94,555,580,2
25445.jpg 379,378,429,489,1 390,281,443,376,0 290,17,565,541,2
25460.jpg 385,279,434,379,0 383,380,433,487,1 289,0,548,541,2
25475.jpg 381,288,434,391,0 389,395,448,497,1 281,0,536,552,2
25490.jpg 357,329,426,432,0 385,438,452,541,1 245,47,526,592,2
255.jpg 166,52,386,364,2
2550.jpg 129,71,320,320,2
25505.jpg 383,310,446,407,0 422,407,503,505,1 227,39,562,564,2
25520.jpg 437,232,523,325,0 497,321,597,411,1 241,0,646,503,2
25535.jpg 391,269,478,356,0 468,339,572,423,1 158,0,610,517,2
25550.jpg 392,304,504,375,0 489,364,615,435,1 121,2,651,536,2
25565.jpg 383,287,486,353,0 486,323,600,390,1 115,0,630,514,2
25580.jpg 377,286,478,348,0 476,315,592,371,1 79,0,620,497,2
25595.jpg 355,244,458,304,0 460,268,573,322,1 88,0,589,451,2
25610.jpg 346,221,452,276,0 453,246,562,296,1 71,0,588,427,2
2565.jpg 110,73,317,320,2
2580.jpg 140,119,366,347,2
2595.jpg 173,147,409,363,2
26015.jpg 298,291,337,343,0 296,341,339,377,1 236,0,398,496,2
26030.jpg 300,308,337,364,0 299,361,338,408,1 230,0,400,517,2
26045.jpg 299,346,337,402,0 300,399,336,455,1 241,45,405,541,2
26060.jpg 301,329,339,388,0 301,386,341,443,1 235,31,411,529,2
26075.jpg 300,322,337,385,0 298,383,338,443,1 244,29,411,526,2
26090.jpg 288,304,328,368,0 285,366,329,432,1 223,0,408,519,2
2610.jpg 190,146,428,335,2
26105.jpg 294,287,335,356,0 293,354,338,419,1 222,0,405,502,2
26120.jpg 292,282,331,353,0 291,352,334,420,1 226,0,410,509,2
26135.jpg 294,275,337,352,0 295,350,337,425,1 226,0,409,516,2
26150.jpg 298,282,342,361,0 301,360,342,431,1 210,0,426,512,2
26165.jpg 292,272,335,351,0 293,351,338,434,1 226,0,408,502,2
26180.jpg 291,272,334,356,0 292,357,338,438,1 205,1,416,506,2
26195.jpg 284,271,329,354,0 286,353,334,439,1 218,0,397,517,2
26210.jpg 279,271,328,361,0 283,360,329,450,1 208,0,410,513,2
26225.jpg 281,284,329,379,0 283,378,331,470,1 207,8,406,525,2
26240.jpg 286,292,334,390,0 287,388,335,486,1 203,30,420,539,2
2625.jpg 193,188,435,350,2
26255.jpg 285,302,334,402,0 285,402,337,506,1 211,43,417,555,2
26270.jpg 295,319,342,424,0 294,424,346,529,1 210,87,430,572,2
26285.jpg 292,319,340,429,0 293,428,346,535,1 206,68,426,567,2
26300.jpg 279,315,329,424,0 283,424,333,536,1 192,62,419,576,2
26315.jpg 279,325,330,437,0 281,437,333,551,1 183,84,438,584,2
26330.jpg 279,319,329,430,0 281,431,334,544,1 186,72,428,583,2
2640.jpg 170,188,416,333,2
2655.jpg 180,137,450,288,2
2670.jpg 170,64,505,261,2
2685.jpg 128,80,505,291,2
270.jpg 116,88,364,398,2
2700.jpg 36,124,438,347,2
27005.jpg 303,312,346,358,1 304,266,345,313,0 240,0,409,463,2
27020.jpg 305,270,345,324,0 305,319,345,362,1 236,0,408,476,2
27035.jpg 310,270,352,322,0 309,319,352,366,1 254,0,415,477,2
27050.jpg 305,272,346,326,0 309,325,347,373,1 248,0,414,481,2
27065.jpg 304,281,343,338,0 304,337,344,387,1 239,0,410,496,2
27080.jpg 303,280,342,341,0 305,337,346,392,1 245,0,411,499,2
27095.jpg 306,268,343,331,0 307,331,349,379,1 247,0,409,483,2
27110.jpg 301,268,340,333,0 304,331,347,384,1 234,0,411,496,2
27125.jpg 301,259,341,327,0 301,326,346,384,1 236,0,413,484,2
27140.jpg 307,258,349,326,0 309,325,351,386,1 248,0,415,481,2
2715.jpg 46,179,466,418,2
27155.jpg 317,331,362,395,1 316,263,358,333,0 260,0,432,487,2
27170.jpg 310,271,351,344,0 313,343,358,409,1 248,0,424,498,2
27185.jpg 303,276,345,353,0 308,351,353,428,1 231,0,414,512,2
27200.jpg 318,347,362,422,1 313,272,356,349,0 244,0,427,500,2
27215.jpg 316,274,356,352,0 320,350,364,431,1 250,0,418,513,2
27230.jpg 315,272,357,356,0 319,355,364,436,1 244,0,435,503,2
27245.jpg 319,266,359,351,0 321,350,369,435,1 241,0,438,499,2
27260.jpg 319,348,366,435,1 317,260,362,350,0 240,0,444,493,2
27275.jpg 314,258,358,350,0 316,349,364,438,1 243,0,437,497,2
27290.jpg 307,277,353,371,0 313,372,358,463,1 221,0,442,523,2
2730.jpg 26,183,448,452,2
27305.jpg 304,297,351,390,0 310,390,356,485,1 223,18,432,531,2
27320.jpg 313,301,361,398,0 315,397,365,495,1 237,43,442,532,2
27335.jpg 302,349,352,447,0 307,448,358,548,1 228,106,437,582,2
2745.jpg 37,177,449,477,2
2760.jpg 68,170,456,489,2
2775.jpg 75,152,424,489,2
2790.jpg 59,118,375,457,2
28010.jpg 313,260,364,310,0 313,308,364,352,1 199,0,464,488,2
28025.jpg 302,257,355,309,0 305,309,353,350,1 206,0,452,480,2
28040.jpg 293,268,347,327,0 295,326,347,367,1 193,0,442,505,2
2805.jpg 56,82,337,434,2
28055.jpg 299,270,348,326,0 299,324,349,364,1 194,0,451,507,2
28070.jpg 301,269,348,326,0 301,324,351,371,1 196,0,443,496,2
28085.jpg 298,259,346,324,0 301,322,349,368,1 202,0,449,499,2
28100.jpg 298,275,346,341,0 299,340,348,391,1 186,9,443,515,2
28115.jpg 289,276,340,346,0 291,345,339,397,1 188,0,435,516,2
28130.jpg 283,265,335,337,0 283,336,335,393,1 184,1,432,510,2
28145.jpg 276,259,325,336,0 275,337,325,394,1 186,1,419,508,2
28160.jpg 282,261,329,341,0 281,339,330,403,1 178,3,423,514,2
28175.jpg 285,253,337,340,0 286,341,338,405,1 185,1,438,520,2
28190.jpg 289,256,341,348,0 291,347,342,412,1 192,0,437,520,2
2820.jpg 89,117,329,485,2
28205.jpg 302,243,355,337,0 301,336,355,408,1 204,2,446,505,2
28220.jpg 306,238,361,334,0 310,333,358,400,1 210,0,455,497,2
28235.jpg 313,243,367,344,0 314,343,368,422,1 205,0,461,505,2
28250.jpg 307,247,361,354,0 308,352,361,434,1 210,0,452,511,2
28265.jpg 289,240,346,350,0 292,349,343,437,1 191,0,440,503,2
28280.jpg 293,232,349,344,0 297,343,349,430,1 198,0,446,506,2
28295.jpg 304,235,361,347,0 305,347,358,432,1 214,15,453,487,2
28310.jpg 295,250,352,366,0 299,365,352,458,1 204,0,452,512,2
28325.jpg 296,269,353,388,0 297,386,352,478,1 198,7,445,521,2
28340.jpg 294,289,352,411,0 296,410,352,502,1 197,26,454,551,2
2835.jpg 139,117,341,496,2
28355.jpg 291,319,351,442,0 292,440,349,535,1 196,40,446,566,2
28370.jpg 300,351,361,476,0 301,475,360,573,1 188,72,469,605,2
28385.jpg 294,413,354,532,0 295,532,352,630,1 191,104,460,650,2
285.jpg 101,96,359,392,2
2850.jpg 131,132,346,527,2
2865.jpg 92,149,347,542,2
2880.jpg 65,115,350,506,2
2895.jpg 91,67,392,458,2
29015.jpg 284,292,336,332,1 311,237,361,289,0 198,0,475,478,2
29030.jpg 307,259,358,317,0 283,310,333,364,1 193,0,468,490,2
29045.jpg 301,250,348,308,0 283,308,326,359,1 174,1,462,487,2
29060.jpg 310,261,351,323,0 292,325,331,376,1 185,2,461,487,2
29075.jpg 286,270,339,335,0 264,337,308,394,1 169,18,463,512,2
29090.jpg 285,266,331,338,0 259,337,306,395,1 163,20,454,515,2
2910.jpg 55,40,422,452,2
29105.jpg 290,245,337,319,0 269,320,311,380,1 164,21,462,488,2
29120.jpg 287,237,338,315,0 266,316,317,376,1 166,0,456,484,2
29135.jpg 286,235,331,318,0 263,318,313,389,1 168,0,453,490,2
29150.jpg 295,206,352,293,0 271,293,329,364,1 181,2,467,483,2
29165.jpg 292,194,349,288,0 265,286,325,358,1 169,0,481,488,2
29180.jpg 290,203,349,303,0 266,301,324,379,1 169,0,485,492,2
29195.jpg 285,218,351,326,0 259,323,323,411,1 168,0,493,503,2
29210.jpg 274,235,340,352,0 247,352,311,443,1 158,0,492,536,2
29225.jpg 284,265,354,386,0 262,386,323,484,1 170,1,502,568,2
29240.jpg 275,273,345,402,0 263,402,323,506,1 169,0,471,573,2
2925.jpg 46,58,479,476,2
29255.jpg 280,284,344,414,0 277,413,337,515,1 173,1,451,575,2
29270.jpg 266,294,335,423,0 271,422,337,524,1 154,10,440,575,2
29285.jpg 299,281,370,402,0 314,403,376,499,1 191,0,476,567,2
29300.jpg 314,309,390,435,0 341,434,409,535,1 185,16,501,604,2
29315.jpg 318,287,395,411,0 349,408,419,505,1 177,0,508,591,2
29330.jpg 308,276,385,392,0 341,390,410,481,1 169,0,492,574,2
29345.jpg 304,271,380,381,0 339,379,409,463,1 174,0,490,563,2
29360.jpg 300,272,373,370,0 329,369,397,444,1 179,2,470,547,2
29375.jpg 293,265,361,355,0 322,353,375,423,1 174,0,401,461,2
29390.jpg 299,255,368,342,0 329,338,379,404,1 175,0,456,510,2
2940.jpg 16,121,479,531,2
29405.jpg 290,262,358,339,0 317,338,371,398,1 179,11,447,510,2
29420.jpg 325,339,375,397,1 303,267,358,340,0 190,13,449,502,2
29435.jpg 299,257,352,327,0 325,325,370,379,1 192,22,446,491,2
29450.jpg 302,256,353,319,0 328,317,375,366,1 197,0,452,479,2
29465.jpg 318,283,371,340,0 342,340,389,382,1 202,20,464,488,2
29480.jpg 311,272,363,331,0 334,328,376,370,1 206,0,436,457,2
29495.jpg 319,278,367,333,0 341,328,383,367,1 225,1,458,485,2
29510.jpg 322,296,371,346,0 343,343,385,378,1 240,18,415,381,2
29525.jpg 317,299,360,350,0 339,347,380,379,1 238,36,447,486,2
29540.jpg 321,286,364,332,0 340,328,371,357,1 239,31,446,461,2
2955.jpg 2,139,486,557,2
2970.jpg 0,135,497,527,2
2985.jpg 0,117,492,471,2
30.jpg 147,67,481,267,2
300.jpg 98,102,374,389,2
3000.jpg 2,125,511,454,2
30005.jpg 298,99,364,160,0 320,161,345,193,1 177,0,482,384,2
30020.jpg 303,115,366,182,0 326,181,348,214,1 174,0,486,393,2
30035.jpg 303,148,364,219,0 321,219,343,252,1 170,0,475,411,2
30050.jpg 292,157,355,225,0 292,225,355,259,1 167,3,458,411,2
30065.jpg 286,214,345,247,1 287,146,347,215,0 174,0,451,391,2
30080.jpg 297,148,352,215,0 298,216,353,252,1 191,0,444,388,2
30095.jpg 296,147,352,223,0 298,221,350,259,1 194,5,440,372,2
30110.jpg 286,150,334,222,0 286,222,338,261,1 192,1,425,388,2
30125.jpg 285,152,339,230,0 288,228,340,268,1 186,0,466,347,2
30140.jpg 280,148,334,233,0 281,233,335,270,1 182,0,426,394,2
3015.jpg 11,148,529,450,2
30155.jpg 295,149,347,238,0 295,235,349,275,1 192,0,446,400,2
30170.jpg 303,159,361,248,0 304,248,359,291,1 212,0,449,409,2
30185.jpg 317,164,373,260,0 318,258,372,306,1 215,0,459,414,2
30200.jpg 306,158,361,259,0 305,259,360,312,1 195,0,455,413,2
30215.jpg 301,174,355,278,0 300,278,354,332,1 201,0,449,426,2
30230.jpg 302,183,363,297,0 303,294,362,354,1 210,0,455,443,2
30245.jpg 306,187,366,307,0 306,305,363,367,1 200,0,469,451,2
30260.jpg 316,211,380,338,0 318,338,379,397,1 217,5,470,478,2
30275.jpg 322,238,385,370,0 323,368,384,438,1 209,0,495,507,2
30290.jpg 314,254,376,391,0 313,392,376,458,1 195,0,476,524,2
3030.jpg 19,117,519,386,2
30305.jpg 325,305,393,449,0 328,449,390,519,1 225,0,488,570,2
30320.jpg 344,324,407,464,0 339,460,402,531,1 240,0,514,576,2
30335.jpg 305,316,363,455,0 292,455,357,522,1 212,0,496,584,2
30350.jpg 267,292,327,423,0 251,420,313,493,1 164,0,475,559,2
30365.jpg 257,263,316,384,0 243,383,298,448,1 164,0,467,533,2
30380.jpg 272,235,330,353,0 257,351,315,413,1 168,0,490,503,2
30395.jpg 289,214,340,321,0 270,319,320,378,1 190,0,507,487,2
30410.jpg 283,209,330,310,0 262,311,308,362,1 178,1,492,470,2
30425.jpg 291,195,349,291,0 276,290,324,341,1 194,0,493,458,2
30440.jpg 296,188,344,282,0 279,279,324,331,1 195,0,494,444,2
3045.jpg 62,154,552,394,2
30455.jpg 284,199,342,287,0 271,285,315,335,1 194,1,484,442,2
30470.jpg 294,189,350,270,0 278,272,323,314,1 194,0,497,439,2
30485.jpg 305,199,354,278,0 289,275,332,318,1 193,0,494,441,2
30500.jpg 302,199,350,267,0 281,266,323,305,1 195,0,493,439,2
30515.jpg 294,194,348,259,0 278,257,317,297,1 196,0,481,420,2
30530.jpg 269,251,311,283,1 289,192,341,251,0 175,0,474,418,2
30545.jpg 286,184,334,239,0 274,239,307,270,1 180,0,484,398,2
30560.jpg 235,149,282,204,0 216,204,255,235,1 117,0,427,352,2
3060.jpg 75,166,563,399,2
3075.jpg 53,156,538,418,2
3090.jpg 63,127,499,398,2
31010.jpg 328,237,379,288,0 281,286,346,342,1 200,4,510,492,2
31025.jpg 322,266,374,320,0 275,319,340,378,1 196,0,514,526,2
31040.jpg 315,258,366,316,0 271,316,329,374,1 165,0,488,526,2
3105.jpg 100,89,487,378,2
31055.jpg 310,227,353,288,0 272,289,320,353,1 168,4,484,494,2
31070.jpg 303,193,357,252,0 264,250,314,320,1 165,0,482,460,2
31085.jpg 303,187,354,255,0 258,251,318,325,1 167,0,488,462,2
31100.jpg 298,190,354,264,0 257,259,312,347,1 161,0,483,482,2
31115.jpg 294,175,359,255,0 248,255,320,339,1 161,15,489,479,2
31130.jpg 307,181,358,263,0 260,260,317,355,1 165,0,493,490,2
31145.jpg 286,187,342,275,0 239,271,299,372,1 148,0,483,508,2
31160.jpg 287,180,346,274,0 239,270,308,381,1 144,0,488,509,2
31175.jpg 281,210,355,303,0 236,303,299,416,1 130,0,503,553,2
31190.jpg 298,201,357,302,0 254,301,317,413,1 163,0,508,526,2
3120.jpg 70,61,439,377,2
31205.jpg 298,175,355,286,0 243,283,314,402,1 146,0,508,517,2
31220.jpg 275,187,338,295,0 233,295,295,421,1 148,0,493,517,2
31235.jpg 208,293,264,421,1 245,186,296,294,0 110,0,438,505,2
31250.jpg 227,307,284,439,1 252,201,308,308,0 129,0,431,516,2
31265.jpg 266,331,319,458,1 283,225,338,331,0 173,0,437,528,2
31280.jpg 290,222,340,325,0 278,324,329,442,1 169,11,429,511,2
31295.jpg 291,233,347,332,0 289,332,337,448,1 186,0,438,528,2
31310.jpg 290,209,346,304,0 290,303,338,408,1 175,0,421,497,2
31325.jpg 291,201,343,287,0 290,284,338,386,1 216,0,426,475,2
31340.jpg 301,207,350,289,0 297,288,346,382,1 214,0,431,480,2
3135.jpg 56,36,393,383,2
31355.jpg 303,208,349,285,0 300,286,347,370,1 220,1,424,465,2
31370.jpg 298,204,342,276,0 295,275,342,355,1 219,0,412,457,2
31385.jpg 295,193,335,263,0 292,259,337,335,1 217,0,412,440,2
31400.jpg 290,193,334,256,0 287,254,332,322,1 210,0,406,432,2
31415.jpg 303,196,344,253,0 299,252,343,311,1 227,0,404,371,2
31430.jpg 306,205,343,263,0 301,258,346,319,1 236,0,418,422,2
31445.jpg 312,218,354,265,0 310,265,351,314,1 239,1,395,395,2
31460.jpg 317,226,357,268,0 313,267,356,314,1 238,0,424,425,2
31475.jpg 310,234,349,273,0 306,272,346,314,1 236,0,412,413,2
31490.jpg 317,222,354,261,0 313,259,353,298,1 237,0,419,397,2
315.jpg 73,101,368,385,2
3150.jpg 59,20,353,377,2
3165.jpg 97,36,349,412,2
3180.jpg 150,26,352,423,2
3195.jpg 156,41,343,447,2
32015.jpg 293,154,337,186,0 290,185,335,214,1 210,0,419,340,2
32030.jpg 292,166,338,201,0 290,200,335,236,1 201,0,428,348,2
32045.jpg 296,175,337,217,0 292,215,335,258,1 201,4,432,368,2
32060.jpg 278,214,321,264,1 285,173,323,216,0 188,2,405,375,2
32075.jpg 298,213,341,265,0 293,264,340,319,1 214,3,420,438,2
32090.jpg 295,202,338,257,0 292,254,338,317,1 201,0,433,423,2
3210.jpg 105,18,338,416,2
32105.jpg 306,175,349,237,0 306,236,351,298,1 215,0,437,410,2
32120.jpg 307,175,350,237,0 308,235,347,302,1 233,0,434,414,2
32135.jpg 294,177,339,242,0 294,240,337,313,1 197,14,435,424,2
32150.jpg 293,179,335,245,0 291,243,336,322,1 204,0,420,428,2
32165.jpg 286,171,329,246,0 282,244,328,328,1 200,0,394,342,2
32180.jpg 295,163,337,239,0 295,238,341,323,1 208,0,416,362,2
32195.jpg 311,176,354,258,0 312,256,358,345,1 226,1,439,432,2
32210.jpg 303,184,345,260,0 300,262,348,357,1 214,0,428,442,2
32225.jpg 292,271,342,375,1 292,186,340,272,0 218,0,426,460,2
32240.jpg 293,269,343,373,1 291,178,342,269,0 211,0,426,445,2
3225.jpg 49,17,332,420,2
32255.jpg 280,191,329,286,0 279,285,330,394,1 192,0,418,472,2
32270.jpg 296,193,344,291,0 294,290,346,403,1 210,0,435,480,2
32285.jpg 305,204,358,309,0 303,309,356,423,1 220,0,437,500,2
32300.jpg 286,186,336,288,0 282,288,331,405,1 204,0,415,472,2
32315.jpg 277,294,329,416,1 283,190,331,296,0 196,0,408,477,2
32330.jpg 292,202,343,311,0 286,310,337,435,1 200,0,431,487,2
32345.jpg 279,247,337,361,0 274,360,330,494,1 178,0,439,460,2
32360.jpg 286,275,340,389,0 278,389,330,521,1 191,0,429,568,2
32375.jpg 256,256,311,368,0 244,368,296,497,1 166,0,426,551,2
32390.jpg 250,229,307,336,0 232,337,285,456,1 156,0,425,536,2
3240.jpg 39,26,362,444,2
32405.jpg 261,188,314,289,0 243,289,290,405,1 157,0,429,477,2
32420.jpg 248,276,298,377,1 275,184,323,276,0 165,5,448,450,2
32435.jpg 274,182,320,262,0 246,260,296,361,1 165,4,431,441,2
32450.jpg 287,169,333,249,0 260,248,308,338,1 179,0,452,423,2
32465.jpg 309,184,352,262,0 283,259,328,347,1 202,5,472,438,2
32480.jpg 298,186,348,255,0 270,251,320,335,1 188,0,464,423,2
32495.jpg 304,184,354,253,0 280,251,319,332,1 198,3,476,426,2
32510.jpg 305,194,346,252,0 272,253,311,327,1 183,0,467,422,2
32525.jpg 311,184,348,242,0 279,244,323,310,1 199,0,474,421,2
32540.jpg 277,229,313,294,1 307,181,340,232,0 179,2,459,390,2
3255.jpg 69,69,430,493,2
32555.jpg 319,186,352,241,0 286,239,321,295,1 201,3,494,401,2
32570.jpg 325,190,359,240,0 291,238,329,291,1 200,0,489,391,2
32585.jpg 319,199,361,247,0 288,241,328,292,1 196,0,485,397,2
32600.jpg 336,187,379,232,0 306,228,347,273,1 226,3,490,376,2
32615.jpg 319,122,355,164,0 286,162,329,205,1 218,0,473,316,2
3270.jpg 35,2,416,423,2
3285.jpg 1,1,403,408,2
330.jpg 55,114,365,398,2
3300.jpg 0,2,408,352,2
33005.jpg 312,119,368,174,0 330,175,350,201,1 196,5,492,362,2
33020.jpg 299,130,353,194,0 318,193,336,221,1 179,0,461,367,2
33035.jpg 295,133,349,194,0 295,193,349,225,1 175,0,448,367,2
33050.jpg 296,136,349,205,0 297,206,352,235,1 178,14,460,381,2
33065.jpg 298,131,356,209,0 301,207,356,243,1 175,0,453,385,2
33080.jpg 299,108,357,185,0 300,184,358,223,1 174,0,467,364,2
33095.jpg 291,112,353,198,0 295,196,352,239,1 188,0,452,370,2
33110.jpg 288,188,346,235,1 284,99,346,189,0 186,0,497,352,2
33125.jpg 273,96,334,195,0 277,193,337,241,1 167,0,436,372,2
33140.jpg 276,93,344,199,0 280,198,341,249,1 173,0,434,366,2
3315.jpg 0,0,434,367,2
33155.jpg 289,105,348,211,0 289,213,347,264,1 176,0,460,387,2
33170.jpg 306,106,371,220,0 309,220,369,276,1 193,0,459,386,2
33185.jpg 313,136,376,253,0 316,253,375,311,1 202,1,490,411,2
33200.jpg 306,267,365,324,1 306,143,367,267,0 207,0,460,411,2
33215.jpg 309,146,373,273,0 310,270,370,335,1 209,0,467,413,2
33230.jpg 307,143,367,275,0 303,276,365,343,1 188,0,463,420,2
33245.jpg 304,165,368,302,0 303,303,369,372,1 193,0,461,446,2
33260.jpg 310,180,378,325,0 310,324,376,392,1 204,0,482,461,2
33275.jpg 300,200,364,341,0 299,342,362,414,1 205,4,473,470,2
33290.jpg 279,202,340,338,0 272,337,335,402,1 176,0,461,471,2
3330.jpg 18,29,470,408,2
33305.jpg 243,189,302,320,0 229,320,289,385,1 145,0,446,460,2
33320.jpg 255,167,311,291,0 243,293,294,355,1 156,0,461,435,2
33335.jpg 268,139,329,259,0 257,259,304,319,1 166,0,477,424,2
33350.jpg 259,234,313,290,1 274,124,331,234,0 167,0,482,404,2
33365.jpg 276,116,332,226,0 256,225,309,277,1 181,0,491,402,2
33380.jpg 271,116,325,220,0 253,219,296,270,1 178,0,491,398,2
33395.jpg 258,101,310,195,0 236,195,275,240,1 158,0,482,361,2
33410.jpg 266,92,315,179,0 244,177,286,222,1 160,0,476,354,2
33425.jpg 264,76,320,157,0 245,160,290,200,1 169,0,478,324,2
33440.jpg 284,76,332,150,0 266,151,304,191,1 174,0,494,320,2
3345.jpg 0,92,472,460,2
33455.jpg 289,64,337,133,0 269,134,308,168,1 183,0,507,299,2
33470.jpg 191,0,478,221,2
3360.jpg 16,27,518,397,2
3375.jpg 0,53,479,404,2
3390.jpg 0,72,430,368,2
3405.jpg 17,119,434,379,2
3420.jpg 82,104,481,354,2
3435.jpg 22,102,404,349,2
345.jpg 77,107,395,372,2
3450.jpg 2,78,357,329,2
3465.jpg 0,51,324,308,2
3480.jpg 1,61,296,314,2
3495.jpg 2,134,246,361,2
3510.jpg 48,125,271,335,2
3525.jpg 28,65,234,274,2
3540.jpg 72,80,264,302,2
3555.jpg 142,80,344,305,2
3570.jpg 160,99,395,335,2
3585.jpg 149,94,412,324,2
360.jpg 89,85,415,333,2
3600.jpg 104,121,394,354,2
3615.jpg 49,90,354,306,2
3630.jpg 3,71,331,283,2
3645.jpg 9,93,356,300,2
3660.jpg 53,82,448,304,2
3675.jpg 81,71,517,302,2
3690.jpg 34,84,479,320,2
3705.jpg 65,153,509,387,2
3720.jpg 151,181,608,419,2
3735.jpg 221,168,608,400,2
375.jpg 100,97,434,327,2
3750.jpg 146,171,608,408,2
3765.jpg 22,181,472,400,2
3780.jpg 25,211,437,413,2
3795.jpg 36,181,432,378,2
3810.jpg 31,176,413,366,2
3825.jpg 0,175,350,362,2
3840.jpg 2,180,299,351,2
3855.jpg 40,173,313,341,2
3870.jpg 29,151,281,323,2
3885.jpg 46,209,264,393,2
390.jpg 96,94,430,303,2
3900.jpg 155,176,321,347,2
3915.jpg 179,153,313,322,2
3930.jpg 140,121,289,307,2
3945.jpg 114,66,300,255,2
3960.jpg 33,61,251,272,2
3975.jpg 11,28,246,249,2
3990.jpg 58,72,316,308,2
4005.jpg 77,76,356,328,2
4020.jpg 76,61,398,330,2
4035.jpg 59,60,416,350,2
405.jpg 100,88,424,271,2
4050.jpg 67,92,459,396,2
4065.jpg 10,96,400,399,2
420.jpg 120,101,438,267,2
435.jpg 158,78,474,232,2
45.jpg 119,61,442,275,2
450.jpg 131,72,439,244,2
465.jpg 111,78,411,268,2
480.jpg 124,66,405,276,2
495.jpg 129,88,392,310,2
5010.jpg 110,63,499,430,2 355,293,437,319,0 437,300,461,320,1
5025.jpg 119,55,508,438,2 363,297,445,326,0
5040.jpg 142,54,528,452,2 380,305,458,338,0
5055.jpg 122,63,513,499,2 351,327,432,367,0
5070.jpg 153,81,503,525,2
5085.jpg 195,80,450,541,2 304,351,364,407,0 338,404,380,432,1
510.jpg 120,92,369,326,2
5100.jpg 195,72,434,535,2 298,345,354,402,0 324,398,368,431,1
5115.jpg 198,46,439,525,2 298,330,358,389,0 327,385,370,416,1
5130.jpg 189,26,429,513,2 291,321,348,379,0 316,375,360,404,1
5145.jpg 180,13,406,507,2 266,317,323,373,0 290,371,335,402,1
5160.jpg 197,10,379,504,2 259,317,305,374,0 263,373,306,397,1
5175.jpg 125,13,402,510,2 224,313,272,370,0 199,368,240,399,1
5190.jpg 127,19,412,495,2 217,305,266,362,0 187,354,226,390,1
5205.jpg 121,7,406,479,2 206,294,258,345,0 180,342,219,373,1
5220.jpg 109,1,404,480,2 203,285,254,340,0 178,333,214,361,1
5235.jpg 112,5,450,482,2 172,329,208,354,1 210,284,266,333,0
525.jpg 147,93,385,341,2
5250.jpg 101,1,484,458,2 192,278,266,311,0 151,304,194,330,1
5265.jpg 113,1,512,423,2 193,254,270,289,0
5280.jpg 120,3,528,402,2 193,245,274,275,0
5295.jpg 124,4,537,391,2 197,242,280,275,0
5310.jpg 124,1,537,405,2 201,234,284,272,0
5325.jpg 124,2,537,406,2 199,229,279,263,0
5340.jpg 124,4,539,408,2 197,226,284,261,0
5355.jpg 148,0,543,450,2
5370.jpg 168,0,516,464,2
5385.jpg 192,1,507,468,2
540.jpg 171,79,388,339,2
5400.jpg 245,0,510,465,2
5415.jpg 245,1,465,471,2
5430.jpg 254,3,452,480,2
5445.jpg 250,1,445,479,2
5460.jpg 215,1,479,467,2
5475.jpg 192,2,509,473,2
5490.jpg 170,0,544,468,2
5505.jpg 152,3,559,455,2 410,221,479,257,0
5520.jpg 136,1,557,420,2 399,230,483,264,0
5535.jpg 136,2,557,399,2 402,247,483,279,0
555.jpg 173,63,367,333,2
5550.jpg 130,1,557,404,2 405,251,487,282,0
5565.jpg 140,1,557,397,2 404,242,489,273,0
5580.jpg 148,2,569,405,2 413,248,503,279,0
5595.jpg 154,0,582,437,2 418,261,511,304,0
5610.jpg 157,0,577,450,2 411,264,504,310,0
5625.jpg 157,0,580,455,2 413,272,501,316,0
5640.jpg 174,2,565,467,2 397,269,482,322,0
5655.jpg 216,1,505,479,2 353,279,422,339,0 395,338,438,362,1
5670.jpg 243,1,458,477,2 326,280,380,337,0 338,337,385,365,1
570.jpg 194,45,359,313,2
585.jpg 212,34,356,293,2
60.jpg 119,73,435,306,2
600.jpg 221,22,345,273,2
6015.jpg 137,4,587,463,2
6030.jpg 156,1,607,488,2 426,325,505,350,0
6045.jpg 159,13,613,498,2
6060.jpg 166,10,607,497,2 414,337,495,355,0
6075.jpg 187,5,613,520,2 419,343,483,368,0
6090.jpg 228,5,546,539,2
6105.jpg 262,4,530,536,2
6120.jpg 266,0,546,539,2
6135.jpg 281,1,511,534,2
615.jpg 188,12,296,269,2
6150.jpg 210,6,493,547,2
6165.jpg 133,12,526,541,2
6180.jpg 168,11,610,525,2
6195.jpg 173,16,607,489,2
6210.jpg 181,32,629,489,2
6225.jpg 179,29,631,486,2
6240.jpg 186,17,637,485,2
6255.jpg 227,22,655,490,2
6270.jpg 292,18,615,523,2
6285.jpg 352,21,546,532,2
630.jpg 166,24,290,276,2
6300.jpg 282,20,587,544,2
6315.jpg 219,7,594,523,2
645.jpg 169,19,320,271,2
660.jpg 146,38,320,286,2
675.jpg 111,46,303,291,2
690.jpg 99,49,312,284,2
7005.jpg 393,143,553,181,0 553,140,619,180,1 0,96,696,431,2
7020.jpg 388,147,546,185,0 546,144,607,183,1 0,87,680,442,2
7035.jpg 380,144,537,185,0 536,141,601,182,1 0,102,676,442,2
705.jpg 123,61,344,284,2
7050.jpg 383,138,540,182,0 542,137,603,179,1 0,89,610,512,2
7065.jpg 377,133,534,176,0 534,131,597,177,1 0,98,602,459,2
7080.jpg 374,131,532,176,0 532,128,618,178,1 0,86,659,423,2
7095.jpg 365,116,528,158,0 529,113,615,159,1 0,54,670,427,2
7110.jpg 359,106,522,152,0 521,107,612,150,1 10,56,645,435,2
7125.jpg 359,100,525,149,0 525,99,615,147,1 0,48,655,400,2
7140.jpg 351,93,520,146,0 520,94,612,144,1 0,41,660,404,2
7155.jpg 348,107,518,162,0 519,105,608,161,1 8,60,648,416,2
7170.jpg 342,116,515,172,0 514,116,608,173,1 0,84,658,422,2
7185.jpg 351,139,528,201,0 529,140,619,197,1 0,91,658,452,2
720.jpg 131,75,364,294,2
7200.jpg 337,142,517,205,0 517,140,610,200,1 0,83,641,448,2
7215.jpg 330,157,508,217,0 507,154,605,217,1 0,109,647,463,2
7230.jpg 333,181,510,249,0 509,179,603,244,1 0,116,640,480,2
7245.jpg 327,187,506,250,0 506,183,599,251,1 70,135,636,493,2
7260.jpg 316,191,494,258,0 493,187,586,255,1 11,146,637,486,2
7275.jpg 322,196,502,266,0 501,192,599,264,1 53,157,671,486,2
7290.jpg 309,219,493,291,0 492,213,587,293,1 22,176,621,501,2
7305.jpg 303,219,489,292,0 489,216,584,294,1 58,172,620,527,2
7320.jpg 301,225,487,299,0 487,221,587,300,1 0,165,619,521,2
7335.jpg 303,234,494,310,0 493,228,596,311,1 18,183,630,527,2
735.jpg 145,80,390,296,2
7350.jpg 298,243,488,326,0 487,242,591,329,1 32,190,626,535,2
7365.jpg 305,243,502,326,0 501,240,609,331,1 33,169,635,540,2
7380.jpg 300,254,499,341,0 498,251,607,342,1 18,194,631,523,2
7395.jpg 300,265,500,357,0 498,263,611,358,1 36,197,635,545,2
7410.jpg 298,277,504,369,0 502,275,619,372,1 7,202,637,568,2
7425.jpg 291,289,500,382,0 500,287,614,379,1 2,191,651,583,2
7440.jpg 286,313,494,405,0 492,311,609,404,1 16,222,611,576,2
7455.jpg 286,317,495,413,0 493,314,609,406,1 21,213,601,564,2
7470.jpg 277,334,482,427,0 480,331,593,418,1 6,223,617,607,2
7485.jpg 280,347,487,443,0 485,342,599,439,1 14,223,602,541,2
75.jpg 119,66,434,311,2
750.jpg 112,106,368,315,2
7500.jpg 284,357,495,448,0 493,351,605,448,1 29,233,610,585,2
7515.jpg 286,374,500,468,0 500,369,611,468,1 8,248,631,631,2
7530.jpg 280,377,494,476,0 493,375,605,472,1 38,241,634,640,2
765.jpg 116,96,366,291,2
780.jpg 89,132,349,309,2
795.jpg 138,188,403,367,2
8010.jpg 308,281,440,312,0 439,276,592,304,1 6,224,660,510,2
8025.jpg 302,301,432,332,0 432,296,578,323,1 0,255,591,706,2
8040.jpg 308,292,440,323,0 439,289,588,316,1 29,239,656,510,2
8055.jpg 309,272,442,304,0 442,269,593,298,1 48,224,659,497,2
8070.jpg 309,248,440,283,0 439,246,589,276,1 39,181,661,517,2
8085.jpg 306,232,437,267,0 436,230,584,264,1 54,196,642,460,2
810.jpg 164,159,434,338,2
8100.jpg 287,210,420,244,0 420,207,568,244,1 27,155,629,443,2
8115.jpg 271,179,410,215,0 410,178,584,211,1 21,102,630,467,2
8130.jpg 256,196,396,236,0 395,193,571,230,1 47,150,611,438,2
8145.jpg 248,190,388,231,0 388,187,565,228,1 17,93,601,473,2
8160.jpg 246,187,386,230,0 386,184,565,227,1 0,52,599,447,2
8175.jpg 260,184,399,228,0 398,181,578,227,1 0,114,602,458,2
8190.jpg 259,184,400,230,0 400,181,582,226,1 7,104,629,444,2
8205.jpg 249,167,393,214,0 392,164,577,214,1 0,60,608,418,2
8220.jpg 234,164,379,213,0 379,163,565,209,1 0,67,614,425,2
8235.jpg 240,161,385,210,0 384,159,571,206,1 0,75,606,433,2
825.jpg 165,127,442,311,2
8250.jpg 242,169,386,221,0 385,166,572,217,1 0,86,628,436,2
8265.jpg 245,174,394,226,0 393,169,583,220,1 0,115,658,438,2
8280.jpg 237,182,384,232,0 384,175,573,229,1 9,118,622,460,2
8295.jpg 239,183,386,235,0 384,178,574,234,1 0,120,623,458,2
8310.jpg 239,190,388,249,0 387,184,580,249,1 0,129,627,470,2
8325.jpg 236,188,387,243,0 388,181,581,237,1 1,113,621,452,2
8340.jpg 236,190,390,250,0 389,183,584,247,1 5,102,621,472,2
8355.jpg 227,189,378,245,0 376,181,572,244,1 0,105,613,469,2
8370.jpg 216,199,372,258,0 371,189,569,255,1 0,136,609,470,2
8385.jpg 214,219,366,279,0 367,207,558,275,1 0,174,590,464,2
840.jpg 203,84,481,270,2
8400.jpg 218,225,369,285,0 371,216,561,284,1 5,174,598,464,2
8415.jpg 231,252,382,314,0 383,243,572,309,1 1,184,596,494,2
8430.jpg 215,260,367,323,0 367,251,563,320,1 0,203,589,500,2
8445.jpg 227,262,379,326,0 377,254,575,320,1 7,198,582,487,2
8460.jpg 228,281,384,350,0 383,272,583,338,1 6,211,609,519,2
8475.jpg 228,278,384,347,0 383,267,583,340,1 29,212,628,516,2
8490.jpg 237,281,394,350,0 394,271,597,341,1 14,198,618,506,2
8505.jpg 241,283,397,356,0 395,270,597,345,1 28,206,630,520,2
8520.jpg 230,296,390,367,0 389,284,599,361,1 0,193,626,534,2
8535.jpg 229,310,393,382,0 392,296,604,377,1 4,197,592,545,2
855.jpg 190,42,466,225,2
8550.jpg 215,330,375,406,0 374,313,588,396,1 41,221,612,575,2
8565.jpg 216,346,383,422,0 383,332,596,414,1 2,227,618,575,2
8580.jpg 216,366,388,442,0 387,354,602,431,1 51,273,685,600,2
8595.jpg 209,386,379,462,0 379,372,597,452,1 0,259,627,609,2
870.jpg 189,64,468,246,2
885.jpg 242,106,510,277,2
90.jpg 129,43,448,317,2
900.jpg 224,95,496,254,2
9015.jpg 270,137,409,161,0 409,127,551,150,1 0,84,626,350,2
9030.jpg 279,148,417,179,0 417,140,560,165,1 0,83,629,372,2
9045.jpg 280,150,419,179,0 418,140,559,167,1 5,56,643,394,2
9060.jpg 267,151,405,182,0 405,140,547,170,1 0,75,622,399,2
9075.jpg 268,148,410,179,0 410,138,553,170,1 20,41,624,391,2
9090.jpg 269,149,407,178,0 406,138,552,173,1 0,101,611,378,2
9105.jpg 258,143,399,179,0 398,133,545,168,1 10,82,627,436,2
9120.jpg 246,142,388,176,0 387,132,532,169,1 0,84,629,397,2
9135.jpg 253,125,396,159,0 395,113,563,155,1 0,77,618,368,2
915.jpg 213,129,474,273,2
9150.jpg 249,119,394,158,0 396,109,562,150,1 0,80,601,361,2
9165.jpg 248,122,393,160,0 392,113,563,152,1 0,76,603,359,2
9180.jpg 253,107,399,144,0 398,101,569,141,1 0,0,623,344,2
9195.jpg 245,99,394,139,0 392,89,565,135,1 0,0,612,393,2
9210.jpg 233,117,381,163,0 383,110,555,158,1 0,0,607,428,2
9225.jpg 236,131,386,176,0 385,124,558,172,1 7,48,596,396,2
9240.jpg 228,146,378,194,0 378,140,557,187,1 0,61,587,428,2
9255.jpg 225,159,377,206,0 374,151,557,202,1 0,69,623,448,2
9270.jpg 228,173,380,226,0 380,166,557,218,1 0,106,584,453,2
9285.jpg 215,190,369,241,0 368,183,550,237,1 0,116,571,479,2
930.jpg 229,113,485,257,2
9300.jpg 213,211,368,269,0 366,207,548,262,1 10,154,592,500,2
9315.jpg 217,208,375,272,0 374,204,559,264,1 4,157,592,504,2
9330.jpg 197,227,361,288,0 361,222,549,284,1 0,180,622,505,2
9345.jpg 186,244,349,305,0 348,238,540,300,1 0,187,577,516,2
9360.jpg 175,259,344,321,0 344,250,536,316,1 0,202,615,530,2
9375.jpg 182,261,355,329,0 354,254,556,323,1 1,195,593,537,2
9390.jpg 184,290,357,360,0 357,285,565,357,1 0,237,603,567,2
9405.jpg 189,304,365,374,0 365,297,571,370,1 1,236,606,568,2
9420.jpg 189,320,365,394,0 365,313,575,387,1 0,263,611,569,2
9435.jpg 186,344,366,423,0 367,334,583,419,1 1,259,617,607,2
945.jpg 265,127,500,271,2
9450.jpg 181,346,363,429,0 362,337,579,421,1 23,269,624,601,2
9465.jpg 174,370,365,455,0 364,361,589,447,1 80,268,613,634,2
9480.jpg 174,380,363,466,0 362,371,587,455,1 0,281,617,633,2
9495.jpg 162,407,357,497,0 357,396,585,491,1 2,299,613,649,2
9510.jpg 165,437,363,526,0 362,426,601,515,1 7,310,623,688,2
960.jpg 293,134,512,276,2
975.jpg 247,126,461,270,2
990.jpg 196,125,400,269,2
IMG_20200709_101135.jpg 41,295,555,562,2
IMG_20200709_101249.jpg 139,301,515,508,2
IMG_20200709_101354.jpg 64,29,511,440,2
IMG_20200709_101627.jpg 38,145,594,393,2
IMG_20200709_101630.jpg 23,145,577,444,2
IMG_20200709_101633.jpg 71,134,600,483,2
IMG_20200709_101635.jpg 104,131,579,519,2
IMG_20200709_101637.jpg 29,119,544,459,2
IMG_20200709_101641.jpg 44,172,576,389,2
IMG_20200709_101643.jpg 192,172,608,424,2
IMG_20200709_101713.jpg 23,260,500,438,2
IMG_20200709_101715.jpg 97,252,521,433,2
IMG_20200709_101718.jpg 135,258,452,423,2
IMG_20200709_101723.jpg 144,276,366,471,2
IMG_20200709_101725.jpg 107,260,421,452,2
IMG_20200709_101727.jpg 97,302,371,491,2
IMG_20200709_101809.jpg 78,213,451,423,2
IMG_20200709_101811.jpg 97,222,491,427,2
IMG_20200709_101814.jpg 85,186,560,376,2
IMG_20200709_101816.jpg 10,210,498,383,2
IMG_20200709_101820.jpg 40,224,504,408,2
IMG_20200709_101822.jpg 72,235,450,424,2
IMG_20200709_101824.jpg 133,232,456,417,2
IMG_20200709_101826.jpg 134,234,448,430,2
IMG_20200709_101828.jpg 159,262,418,480,2
IMG_20200709_101844.jpg 267,283,469,445,2
IMG_20200709_101854.jpg 216,243,466,445,2
IMG_20200709_101857.jpg 246,235,541,431,2
IMG_20200709_101859.jpg 236,253,574,428,2
IMG_20200709_101907.jpg 24,214,412,406,2
IMG_20200709_101908.jpg 97,230,470,408,2
IMG_20200709_101910.jpg 115,253,491,406,2
IMG_20200709_101912.jpg 182,259,542,393,2
IMG_20200709_101925.jpg 245,314,469,415,2
IMG_20200709_102004.jpg 73,233,539,424,2
IMG_20200709_102011.jpg 2,154,511,446,2
IMG_20200709_102031.jpg 138,173,488,386,2
IMG_20200709_102034.jpg 156,179,454,449,2
IMG_20200709_102037.jpg 219,188,374,478,2
IMG_20200709_102040.jpg 93,185,368,477,2
IMG_20200709_102042.jpg 85,208,443,452,2
IMG_20200709_102044.jpg 75,271,484,438,2
IMG_20200709_102046.jpg 72,239,474,471,2
IMG_20200709_102059.jpg 58,275,559,468,2
IMG_20200709_102101.jpg 28,268,537,437,2
IMG_20200709_102104.jpg 107,172,476,460,2
IMG_20200709_102105.jpg 109,170,479,463,2
IMG_20200709_102108.jpg 153,150,358,452,2
IMG_20200709_102110.jpg 129,168,432,460,2
IMG_20200709_102112.jpg 77,167,402,466,2
IMG_20200709_102114.jpg 57,202,474,451,2
IMG_20200709_102116.jpg 72,224,509,421,2
IMG_20200709_102118.jpg 66,248,507,408,2
IMG_20200709_102120.jpg 65,222,508,458,2
IMG_20200709_102128.jpg 46,137,422,392,2
IMG_20200709_102131.jpg 127,144,334,428,2
IMG_20200709_102137.jpg 137,208,515,406,2
IMG_20200709_102143.jpg 142,242,519,425,2
IMG_20200709_102159.jpg 184,163,356,509,2
IMG_20200709_102202.jpg 62,275,457,413,2
IMG_20200709_102209.jpg 146,261,429,516,2
IMG_20200709_102214.jpg 78,354,451,498,2
IMG_20200709_102217.jpg 75,312,452,510,2 396,407,443,434,1
IMG_20200709_102221.jpg 100,211,485,490,2 340,380,417,405,0 418,379,461,403,1
IMG_20200709_102224.jpg 145,246,444,524,2 314,393,379,445,0 360,437,406,474,1
IMG_20200709_102233.jpg 208,252,383,457,2 268,340,306,387,0 257,390,284,416,1
IMG_20200709_102235.jpg 186,244,457,464,2 255,351,307,390,0 223,386,260,408,1
IMG_20200709_102238.jpg 194,229,503,409,2 210,332,248,352,1 244,326,314,347,0
IMG_20200709_102241.jpg 199,204,488,457,2
IMG_20200709_102245.jpg 148,214,479,450,2 360,326,421,349,0 420,321,455,337,1
IMG_20200709_102246.jpg 180,223,462,456,2 394,383,430,411,1 337,346,396,394,0
IMG_20200709_102248.jpg 209,193,449,471,2 368,395,406,425,1 329,353,384,402,0
IMG_20200709_102250.jpg 164,198,468,447,2 342,333,406,374,0 406,362,442,387,1
IMG_20200709_102253.jpg 94,141,503,443,2 437,337,486,369,1 359,309,440,356,0
IMG_20200709_102300.jpg 108,101,486,383,2 346,261,424,299,0 427,254,467,279,1
IMG_20200709_102305.jpg 187,222,384,503,2
IMG_20200709_103555.jpg 112,147,464,514,2 149,379,202,418,1 203,330,266,386,0
IMG_20200709_103558.jpg 105,135,555,495,2 164,355,261,399,0 114,359,165,391,1
IMG_20200709_103603.jpg 28,5,496,574,2 163,378,253,423,0 50,409,111,439,1
IMG_20200709_103606.jpg 59,0,424,604,2 183,373,246,450,0 102,465,152,520,1
IMG_20200709_103608.jpg 173,2,382,574,2 255,346,300,432,0 242,449,291,496,1
IMG_20200709_103610.jpg 202,5,451,547,2 299,336,365,416,0 329,415,384,464,1
IMG_20200709_103612.jpg 154,4,486,494,2 327,301,404,370,0 396,360,446,397,1
IMG_20200709_103617.jpg 16,9,530,476,2 315,303,405,358,0 458,341,500,373,1
IMG_20200709_103619.jpg 143,1,532,523,2 432,392,486,440,1 329,290,407,364,0
IMG_20200709_103622.jpg 221,24,411,513,2 294,318,340,387,0 313,417,356,455,1
IMG_20200709_103627.jpg 173,7,376,587,2 259,347,301,420,0 231,483,271,526,1
IMG_20200709_103631.jpg 111,45,593,529,2 257,335,318,380,0 122,403,171,435,1
IMG_20200709_103636.jpg 97,95,508,440,2 212,296,279,335,0 116,278,154,307,1
IMG_20200709_103647.jpg 64,35,514,500,2
IMG_20200709_103650.jpg 135,50,515,451,2 344,237,411,281,0 436,199,472,228,1
IMG_20200709_103651.jpg 176,48,551,431,2 376,289,458,329,0 483,283,529,313,1
IMG_20200709_103656.jpg 206,1,552,517,2 469,378,520,425,1 383,312,474,386,0
IMG_20200709_103838.jpg 10,94,556,420,2
IMG_20200709_103841.jpg 67,131,532,406,2
IMG_20200709_103844.jpg 119,122,461,503,2
IMG_20200709_103850.jpg 168,256,607,540,2
IMG_20200709_103853.jpg 109,202,565,513,2
IMG_20200709_103854.jpg 90,133,401,542,2
IMG_20200709_103859.jpg 102,156,359,608,2
IMG_20200709_103901.jpg 24,113,479,477,2
IMG_20200709_103904.jpg 2,211,443,457,2
IMG_20200709_103905.jpg 4,100,447,464,2
IMG_20200709_103907.jpg 1,179,473,468,2
IMG_20200709_103909.jpg 4,26,468,452,2
IMG_20200709_103913.jpg 5,0,486,547,2
IMG_20200709_103918.jpg 212,24,442,459,2
IMG_20200709_103920.jpg 194,78,422,503,2
IMG_20200709_122344.jpg 159,238,493,421,2
IMG_20200709_122344_1.jpg 160,239,496,419,2
IMG_20200709_122345.jpg 130,209,471,428,2
IMG_20200709_122345_1.jpg 152,195,488,455,2
IMG_20200709_122346.jpg 177,202,478,471,2
IMG_20200709_122346_1.jpg 187,198,462,474,2
IMG_20200709_122347.jpg 199,185,454,477,2
IMG_20200709_122347_1.jpg 211,175,449,483,2
IMG_20200709_122348.jpg 221,165,448,476,2
IMG_20200709_122348_1.jpg 262,200,453,504,2
IMG_20200709_122351.jpg 247,262,460,577,2
IMG_20200709_122352.jpg 258,261,492,578,2
IMG_20200709_122352_1.jpg 240,260,500,577,2
IMG_20200709_122353.jpg 211,282,474,593,2
IMG_20200709_122354.jpg 179,311,453,606,2
IMG_20200709_122354_1.jpg 155,305,438,584,2
IMG_20200709_122355.jpg 107,317,395,576,2
IMG_20200709_122355_1.jpg 105,332,378,559,2
IMG_20200709_122356.jpg 119,317,388,523,2
IMG_20200709_122356_1.jpg 86,338,366,537,2
IMG_20200709_122403.jpg 184,167,322,432,2
IMG_20200709_122404.jpg 196,160,360,435,2
IMG_20200709_122404_1.jpg 167,154,368,434,2
IMG_20200709_122405.jpg 155,160,375,432,2
IMG_20200709_122406.jpg 150,186,412,433,2
IMG_20200709_122406_1.jpg 153,192,422,436,2
IMG_20200709_122407.jpg 133,195,414,423,2
IMG_20200709_122408.jpg 114,208,408,435,2
IMG_20200709_122408_1.jpg 106,230,409,445,2
IMG_20200709_122409.jpg 85,231,412,452,2
IMG_20200709_122409_1.jpg 62,240,400,435,2
IMG_20200709_122410.jpg 52,237,385,415,2
IMG_20200709_122411.jpg 150,219,374,496,2
IMG_20200709_122412.jpg 175,204,359,491,2
IMG_20200709_122415.jpg 92,206,421,381,2
IMG_20200709_122416.jpg 83,188,414,362,2
IMG_20200709_122416_1.jpg 84,192,407,371,2
IMG_20200709_122416_2.jpg 84,183,393,372,2
IMG_20200709_122417.jpg 76,176,370,400,2
IMG_20200709_122418.jpg 95,171,376,396,2
IMG_20200709_122418_1.jpg 119,121,355,349,2
IMG_20200709_122419.jpg 154,143,351,360,2
IMG_20200709_122420.jpg 190,148,348,359,2
IMG_20200709_122420_1.jpg 214,150,346,345,2
IMG_20200709_122421.jpg 185,157,307,347,2
IMG_20200709_122422.jpg 188,166,319,352,2
IMG_20200709_122422_1.jpg 194,170,338,355,2
IMG_20200709_122423.jpg 199,180,349,358,2
IMG_20200709_122423_1.jpg 180,185,350,367,2
IMG_20200709_122424.jpg 170,192,358,374,2
IMG_20200709_122428.jpg 145,216,391,401,2
IMG_20200709_122428_1.jpg 146,215,386,395,2
IMG_20200709_122428_2.jpg 114,222,367,405,2
IMG_20200709_122429.jpg 106,234,362,408,2
IMG_20200709_122429_1.jpg 102,238,368,411,2
IMG_20200709_122430.jpg 99,234,366,395,2
IMG_20200709_122430_1.jpg 106,232,364,379,2
IMG_20200709_122432.jpg 126,228,390,372,2
IMG_20200709_122456.jpg 168,269,415,408,2
IMG_20200709_122457.jpg 162,254,412,393,2
IMG_20200709_122457_1.jpg 117,255,355,387,2
IMG_20200709_122458.jpg 126,248,352,380,2
IMG_20200709_122458_1.jpg 143,241,369,374,2
IMG_20200709_122459.jpg 158,229,368,366,2
IMG_20200709_122500.jpg 151,222,354,365,2
IMG_20200709_122500_1.jpg 152,212,351,357,2
IMG_20200709_122501.jpg 146,211,340,355,2
IMG_20200709_122501_1.jpg 159,197,339,349,2
IMG_20200709_122504.jpg 236,231,457,357,2
IMG_20200709_122505.jpg 265,240,466,367,2
IMG_20200709_122506.jpg 287,241,473,369,2
IMG_20200709_122506_1.jpg 267,226,447,354,2
IMG_20200709_122507.jpg 255,217,418,344,2
IMG_20200709_122508.jpg 246,212,403,340,2
IMG_20200709_122510.jpg 341,268,545,443,2
IMG_20200709_122522.jpg 183,229,339,405,2
IMG_20200709_122523.jpg 177,243,331,415,2
IMG_20200709_122523_1.jpg 175,241,352,416,2
IMG_20200709_122523_2.jpg 172,235,349,400,2
IMG_20200709_122524.jpg 150,246,332,407,2
IMG_20200709_122524_1.jpg 153,248,355,402,2
IMG_20200709_122525.jpg 163,261,374,410,2
IMG_20200709_122525_1.jpg 157,278,374,422,2
IMG_20200709_122526.jpg 178,281,401,423,2
IMG_20200709_122526_1.jpg 194,268,425,403,2
IMG_20200709_122527.jpg 204,260,440,388,2
IMG_20200709_122528.jpg 226,318,449,506,2
IMG_20200709_122528_1.jpg 200,312,406,491,2
IMG_20200709_122528_2.jpg 170,303,368,484,2
IMG_20200709_122529.jpg 157,290,340,478,2
IMG_20200709_122529_1.jpg 161,287,303,467,2
IMG_20200709_122532.jpg 242,176,373,443,2
IMG_20200709_122533.jpg 216,188,354,485,2
IMG_20200709_122534.jpg 219,193,361,498,2
IMG_20200709_122538.jpg 131,224,435,384,2
IMG_20200709_122539.jpg 121,233,439,422,2
IMG_20200709_122539_1.jpg 120,222,439,424,2
IMG_20200709_122539_2.jpg 107,215,437,442,2
IMG_20200709_122540.jpg 114,196,435,461,2
IMG_20200709_122540_1.jpg 111,206,430,507,2
IMG_20200709_122541.jpg 100,214,425,538,2
IMG_20200709_122543.jpg 215,239,524,503,2
