0 10005.jpg 0 329 331 463 364 1 462 324 590 353 2 0 295 659 548
1 10020.jpg 0 326 336 461 370 1 460 331 590 357 2 0 294 653 553
2 10035.jpg 0 319 333 455 369 1 454 331 580 358 2 0 0 649 555
3 10050.jpg 0 325 330 457 364 1 456 326 584 355 2 0 294 647 550
4 10065.jpg 0 313 337 449 374 1 448 335 569 364 2 0 302 634 556
5 10080.jpg 0 319 322 453 359 1 453 319 575 351 2 0 284 638 544
6 10095.jpg 0 318 310 449 351 1 449 309 570 341 2 0 272 638 530
7 10110.jpg 0 314 293 446 332 1 446 290 581 322 2 0 260 631 512
8 10125.jpg 0 301 287 431 326 1 430 284 568 317 2 0 251 611 502
9 10140.jpg 0 304 277 434 320 1 434 275 572 311 2 0 240 614 498
10 10155.jpg 0 296 280 427 323 1 427 278 565 312 2 0 243 605 502
11 10170.jpg 0 289 279 424 323 1 424 275 566 317 2 0 243 605 503
12 10185.jpg 0 278 282 411 327 1 412 277 552 321 2 0 243 593 501
13 1020.jpg 2 177 115 365 254
14 10200.jpg 0 281 271 418 315 1 418 268 559 311 2 0 235 597 498
15 10215.jpg 0 273 281 411 326 1 410 276 551 321 2 0 244 587 506
16 10230.jpg 0 273 275 411 323 1 410 271 552 317 2 0 233 590 502
17 10245.jpg 0 277 272 413 323 1 413 269 555 315 2 0 232 592 499
18 10260.jpg 0 275 270 416 320 1 415 267 558 314 2 0 229 595 499
19 10275.jpg 0 284 269 425 320 1 424 264 569 314 2 0 231 609 503
20 10290.jpg 0 295 273 435 326 1 433 269 579 319 2 0 232 614 501
21 10305.jpg 0 289 296 432 350 1 431 293 578 345 2 0 255 608 524
22 10320.jpg 0 292 342 434 399 1 432 342 579 394 2 0 301 608 574
23 10335.jpg 0 295 344 438 405 1 437 343 587 400 2 0 309 613 571
24 1035.jpg 2 195 115 359 257
25 10350.jpg 0 288 342 433 403 1 432 338 581 400 2 0 310 608 570
26 10365.jpg 0 283 360 428 423 1 427 359 580 420 2 0 308 608 587
27 10380.jpg 0 278 356 425 418 1 424 354 578 417 2 0 306 605 583
28 10395.jpg 0 280 357 428 422 1 426 356 584 422 2 0 303 608 583
29 10410.jpg 0 279 357 431 424 1 430 357 590 426 2 0 293 615 584
30 10425.jpg 0 268 352 419 420 1 418 351 578 417 2 0 276 600 575
31 10440.jpg 0 269 352 422 423 1 422 351 586 421 2 0 275 605 576
32 10455.jpg 0 271 359 430 430 1 430 359 599 426 2 0 0 613 584
33 10470.jpg 0 259 372 419 447 1 418 372 591 442 2 0 284 608 597
34 10485.jpg 0 237 393 406 470 1 405 393 585 464 2 0 127 604 616
35 105.jpg 2 151 16 467 303
36 1050.jpg 2 207 121 356 263
37 10500.jpg 0 253 412 423 492 1 423 410 603 484 2 0 175 619 635
38 10515.jpg 0 256 432 429 515 1 429 429 614 507 2 0 242 634 648
39 10530.jpg 0 256 464 433 547 1 432 461 619 538 2 0 300 641 682
40 1065.jpg 2 239 127 373 272
41 1080.jpg 2 268 153 395 305
42 1095.jpg 2 270 166 391 311
43 11010.jpg 0 302 221 449 253 1 448 222 559 249 2 0 181 632 463
44 11025.jpg 0 302 244 450 277 1 449 243 560 275 2 0 203 632 484
45 11040.jpg 0 298 256 444 291 1 444 256 552 287 2 0 204 628 491
46 11055.jpg 0 304 250 451 287 1 450 250 558 282 2 0 209 630 487
47 11070.jpg 0 300 239 449 279 1 448 239 557 276 2 0 196 623 480
48 11085.jpg 0 288 237 438 277 1 437 237 549 274 2 0 197 620 485
49 1110.jpg 2 258 173 379 313
50 11100.jpg 0 283 222 431 267 1 430 224 543 264 2 0 187 610 473
51 11115.jpg 0 289 226 440 270 1 439 226 551 267 2 0 181 617 476
52 11130.jpg 0 278 229 430 275 1 429 228 540 271 2 0 184 609 484
53 11145.jpg 0 263 240 416 285 1 416 240 529 282 2 0 187 594 491
54 11160.jpg 0 257 237 410 285 1 409 234 523 281 2 0 190 590 491
55 11175.jpg 0 264 244 419 297 1 419 237 555 288 2 0 194 599 504
56 11190.jpg 0 248 277 404 330 1 403 272 539 326 2 0 230 582 532
57 11205.jpg 0 245 275 400 330 1 399 270 536 325 2 0 228 581 532
58 11220.jpg 0 239 284 390 341 1 392 275 528 335 2 0 242 581 535
59 11235.jpg 0 254 296 405 355 1 404 287 537 348 2 0 242 579 546
60 1125.jpg 2 201 187 329 327
61 11250.jpg 0 245 299 399 357 1 399 287 535 351 2 0 233 575 556
62 11265.jpg 0 249 308 404 372 1 404 299 540 363 2 0 257 575 561
63 11280.jpg 0 249 326 405 391 1 403 317 540 383 2 0 274 575 586
64 11295.jpg 0 240 324 398 389 1 398 315 541 385 2 0 284 572 579
65 11310.jpg 0 235 323 390 389 1 389 316 531 383 2 0 272 587 646
66 11325.jpg 0 234 311 393 376 1 392 304 535 373 2 0 261 567 564
67 11340.jpg 0 233 303 396 376 1 395 299 542 367 2 0 253 567 554
68 11355.jpg 0 242 297 406 367 1 404 293 550 361 2 0 243 589 562
69 11370.jpg 0 239 272 408 345 1 408 268 555 338 2 0 203 585 531
70 11385.jpg 0 236 274 407 347 1 406 266 558 341 2 0 197 589 527
71 1140.jpg 2 188 200 330 330
72 11400.jpg 0 236 281 402 361 1 401 278 557 352 2 0 220 595 540
73 11415.jpg 0 222 296 392 376 1 392 290 542 367 2 0 225 570 549
74 11430.jpg 0 213 317 385 400 1 385 310 537 386 2 0 233 567 576
75 11445.jpg 0 225 316 394 398 1 394 312 547 388 2 0 224 579 567
76 11460.jpg 0 241 332 415 413 1 414 326 569 407 2 0 232 594 582
77 11475.jpg 0 250 343 429 427 1 428 337 584 420 2 0 247 608 583
78 1155.jpg 2 182 179 334 308
79 1170.jpg 2 175 195 336 320
80 1185.jpg 2 171 211 348 338
81 120.jpg 2 137 20 437 308
82 1200.jpg 2 147 236 338 364
83 12015.jpg 0 374 211 521 249 1 520 210 614 237 2 0 173 690 460
84 12030.jpg 0 368 203 511 241 1 510 200 608 229 2 0 157 688 458
85 12045.jpg 0 353 196 499 230 1 498 192 596 221 2 0 142 665 450
86 12060.jpg 0 342 185 491 224 1 490 181 589 212 2 0 144 667 447
87 12075.jpg 0 348 169 499 208 1 498 165 594 198 2 0 126 664 429
88 12090.jpg 0 328 151 475 191 1 474 148 572 184 2 0 113 645 412
89 12105.jpg 0 313 122 463 162 1 464 125 560 158 2 0 85 629 390
90 12120.jpg 0 280 101 436 143 1 436 104 533 140 2 0 67 599 385
91 12135.jpg 0 267 87 428 134 1 427 94 526 131 2 0 0 546 393
92 1215.jpg 2 121 234 320 360
93 12150.jpg 0 254 93 418 140 1 418 101 513 141 2 0 52 578 393
94 12165.jpg 0 241 99 406 150 1 406 104 534 149 2 0 39 569 394
95 12180.jpg 0 248 96 411 147 1 409 101 541 145 2 0 66 587 391
96 12195.jpg 0 233 115 400 170 1 401 121 531 167 2 0 67 564 413
97 12210.jpg 0 220 117 394 171 1 393 122 525 174 2 0 61 561 443
98 12225.jpg 0 236 146 405 205 1 403 150 537 208 2 0 82 568 466
99 12240.jpg 0 230 160 405 220 1 405 163 539 220 2 0 111 585 472
100 12255.jpg 0 209 160 384 220 1 383 161 520 219 2 0 114 563 469
101 12270.jpg 0 221 167 397 227 1 395 164 534 228 2 0 130 585 462
102 12285.jpg 0 225 180 406 247 1 404 178 542 249 2 0 136 565 481
103 1230.jpg 2 107 229 312 355
104 12300.jpg 0 227 190 404 261 1 402 191 543 261 2 0 133 563 491
105 12315.jpg 0 219 196 400 267 1 398 196 540 266 2 0 163 588 498
106 12330.jpg 0 222 205 404 279 1 403 204 543 279 2 0 170 600 499
107 12345.jpg 0 212 234 393 309 1 394 235 527 309 2 0 193 557 526
108 12360.jpg 0 206 243 393 317 1 392 241 537 323 2 0 182 563 532
109 12375.jpg 0 206 251 395 333 1 393 250 541 329 2 0 205 583 538
110 12390.jpg 0 220 258 408 335 1 406 258 556 339 2 0 208 604 540
111 12405.jpg 0 195 277 386 361 1 384 277 538 360 2 0 209 570 561
112 12420.jpg 0 206 285 399 367 1 397 284 551 370 2 0 210 578 562
113 12435.jpg 0 203 299 395 385 1 394 298 550 385 2 0 208 556 595
114 1245.jpg 2 85 234 292 352
115 12450.jpg 0 207 309 397 396 1 397 307 549 393 2 0 242 569 572
116 12465.jpg 0 211 326 403 414 1 402 323 556 410 2 0 240 572 588
117 12480.jpg 0 201 347 394 435 1 394 343 547 433 2 0 255 576 609
118 12495.jpg 0 203 371 401 464 1 400 368 553 454 2 0 275 606 609
119 12510.jpg 0 198 387 397 477 1 395 382 550 472 2 0 287 568 626
120 12525.jpg 0 199 399 396 491 1 393 397 554 490 2 0 292 573 658
121 1260.jpg 2 77 248 298 362
122 1275.jpg 2 39 282 273 406
123 1290.jpg 2 35 326 275 455
124 13005.jpg 0 315 277 464 309 1 463 275 537 304 2 0 227 617 541
125 13020.jpg 0 302 286 453 317 1 453 282 527 311 2 0 237 606 539
126 13035.jpg 0 302 278 457 311 1 456 274 531 308 2 0 234 610 545
127 1305.jpg 2 68 347 332 483
128 13050.jpg 0 292 274 446 312 1 446 270 521 305 2 0 239 601 537
129 13065.jpg 0 291 251 450 289 1 449 247 523 283 2 0 216 601 516
130 13080.jpg 0 282 250 440 289 1 439 248 513 285 2 0 209 586 520
131 13095.jpg 0 279 232 440 273 1 439 231 516 269 2 0 192 590 505
132 13110.jpg 0 255 220 418 262 1 417 219 492 258 2 0 178 564 494
133 13125.jpg 0 246 215 410 259 1 409 211 486 255 2 0 171 561 488
134 13140.jpg 0 258 204 420 247 1 419 201 525 242 2 0 160 574 479
135 13155.jpg 0 239 220 400 264 1 399 217 505 261 2 0 170 549 491
136 13170.jpg 0 248 213 410 265 1 409 210 517 256 2 0 167 557 493
137 13185.jpg 0 235 211 396 263 1 395 208 505 259 2 0 160 543 491
138 1320.jpg 2 115 346 381 478
139 13200.jpg 0 219 218 385 269 1 384 215 492 270 2 0 182 530 503
140 13215.jpg 0 218 257 381 311 1 380 255 487 308 2 0 211 525 537
141 13230.jpg 0 200 263 364 319 1 362 260 469 319 2 0 216 508 549
142 13245.jpg 0 199 258 365 314 1 364 254 476 312 2 0 219 526 609
143 13260.jpg 0 194 257 366 319 1 365 255 480 316 2 0 210 511 580
144 13275.jpg 0 183 255 357 325 1 356 253 471 322 2 0 189 493 571
145 13290.jpg 0 191 277 367 343 1 366 274 484 341 2 0 219 518 589
146 13305.jpg 0 197 281 379 348 1 378 278 499 348 2 0 237 535 570
147 13320.jpg 0 201 273 387 348 1 386 267 513 343 2 0 216 549 583
148 13335.jpg 0 198 264 384 344 1 383 261 510 339 2 0 211 540 553
149 1335.jpg 2 112 379 376 508
150 13350.jpg 0 199 257 390 337 1 389 254 519 332 2 0 210 600 550
151 13365.jpg 0 186 275 380 356 1 380 271 513 353 2 0 216 551 577
152 13380.jpg 0 180 284 378 372 1 377 281 510 368 2 0 213 550 576
153 13395.jpg 0 183 296 389 381 1 387 293 526 382 2 0 231 549 580
154 13410.jpg 0 190 310 394 399 1 393 307 532 397 2 0 232 564 594
155 13425.jpg 0 180 328 384 418 1 383 326 522 411 2 0 234 577 609
156 13440.jpg 0 180 337 382 431 1 380 334 519 423 2 0 256 540 605
157 13455.jpg 0 178 357 382 452 1 380 354 521 449 2 0 260 554 617
158 13470.jpg 0 189 354 393 452 1 392 353 536 448 2 0 245 583 584
159 13485.jpg 0 201 356 405 455 1 404 355 546 446 2 0 246 572 620
160 135.jpg 2 153 29 423 322
161 1350.jpg 2 76 347 351 483
162 1365.jpg 2 121 360 396 495
163 1380.jpg 2 163 321 442 455
164 1395.jpg 2 133 293 415 428
165 1410.jpg 2 85 289 371 428
166 1425.jpg 2 16 268 310 408
167 1440.jpg 2 1 299 248 426
168 1455.jpg 2 28 309 281 427
169 1470.jpg 2 82 305 321 428
170 1485.jpg 2 84 290 320 422
171 15.jpg 2 138 110 471 293
172 150.jpg 2 185 49 427 350
173 1500.jpg 2 114 300 335 444
174 1515.jpg 2 154 287 348 426
175 1530.jpg 2 162 288 337 415
176 1545.jpg 2 148 289 296 412
177 1560.jpg 2 150 276 300 408
178 1575.jpg 2 152 277 285 417
179 1590.jpg 2 195 270 311 428
180 1605.jpg 2 197 271 327 435
181 1620.jpg 2 185 258 337 418
182 1635.jpg 2 148 266 320 428
183 165.jpg 2 197 56 418 361
184 1650.jpg 2 131 251 315 411
185 1665.jpg 2 158 252 363 410
186 1680.jpg 2 155 253 383 410
187 1695.jpg 2 138 248 385 415
188 1710.jpg 2 94 256 345 421
189 1725.jpg 2 63 254 318 421
190 1740.jpg 2 52 257 314 418
191 1755.jpg 2 85 252 356 418
192 1770.jpg 2 90 242 365 409
193 1785.jpg 2 71 248 359 421
194 180.jpg 2 196 42 388 339
195 1800.jpg 2 52 241 352 418
196 1815.jpg 2 33 224 329 403
197 1830.jpg 2 66 219 361 418
198 1845.jpg 2 173 214 479 456
199 1860.jpg 2 236 203 567 483
200 1875.jpg 2 121 290 451 555
201 1890.jpg 2 95 254 403 483
202 1905.jpg 2 88 253 382 439
203 1920.jpg 2 63 258 347 402
204 1935.jpg 2 94 249 370 372
205 195.jpg 2 202 32 361 317
206 1950.jpg 2 89 236 377 376
207 1965.jpg 2 120 232 398 402
208 1980.jpg 2 143 201 405 399
209 1995.jpg 2 134 175 385 384
210 20015.jpg 0 379 162 450 180 2 118 134 504 294
211 20030.jpg 0 372 158 446 176 2 117 131 458 234
212 20045.jpg 0 371 154 442 175 2 113 130 499 290
213 20060.jpg 0 363 158 435 179 2 100 135 487 294
214 20075.jpg 0 352 159 425 185 2 79 1 481 300
215 20090.jpg 0 355 149 430 172 2 86 0 487 294
216 2010.jpg 2 135 135 376 354
217 20105.jpg 0 367 146 445 171 1 446 144 470 149 2 96 0 473 285
218 20120.jpg 0 366 134 449 158 1 449 131 475 138 2 94 0 504 288
219 20135.jpg 0 354 149 438 176 1 438 146 465 154 2 75 0 496 301
220 20150.jpg 0 362 177 443 205 1 444 175 468 188 2 86 0 485 354
221 20165.jpg 0 377 199 460 232 1 461 197 489 214 2 127 0 508 355
222 20180.jpg 1 462 220 491 240 0 377 221 462 257 2 112 0 510 379
223 20195.jpg 0 365 245 453 279 1 452 240 482 265 2 60 9 511 399
224 20210.jpg 0 357 261 446 301 1 446 260 477 285 2 27 50 507 428
225 20225.jpg 0 345 278 441 318 1 440 275 471 308 2 36 60 502 459
226 20240.jpg 0 351 304 450 347 1 449 301 482 335 2 68 107 503 474
227 2025.jpg 2 157 121 383 349
228 20255.jpg 0 344 357 444 405 1 443 351 476 397 2 75 175 501 535
229 20270.jpg 0 369 374 471 419 1 470 371 503 417 2 50 195 527 530
230 20285.jpg 0 386 388 492 437 1 491 387 520 431 2 56 244 549 558
231 20300.jpg 0 394 428 498 474 1 498 425 530 472 2 45 294 548 590
232 20315.jpg 1 487 457 519 506 2 19 370 545 610
233 20330.jpg 0 379 366 481 416 1 482 371 513 421 2 35 204 546 533
234 20345.jpg 1 479 324 512 373 2 59 71 553 469
235 20360.jpg 0 360 278 462 358 1 452 331 497 381 2 75 67 531 475
236 20375.jpg 0 334 266 440 350 1 426 328 472 373 2 94 43 519 463
237 20390.jpg 0 356 281 447 382 1 422 375 471 412 2 188 34 516 517
238 2040.jpg 2 170 100 384 333
239 20405.jpg 1 417 401 468 438 0 362 304 451 405 2 181 41 486 523
240 20420.jpg 0 381 304 463 405 1 431 404 481 438 2 167 11 548 523
241 20435.jpg 0 348 310 418 420 1 367 416 421 450 2 238 33 482 526
242 20450.jpg 0 372 324 424 435 1 370 434 419 466 2 264 54 511 535
243 20465.jpg 0 346 324 406 434 1 337 433 392 464 2 239 40 514 537
244 20480.jpg 0 304 313 387 406 1 286 400 337 437 2 202 34 582 529
245 20495.jpg 1 286 348 338 388 0 323 272 409 360 2 222 0 659 499
246 20510.jpg 0 288 242 398 311 1 251 290 295 332 2 208 0 716 458
247 20525.jpg 1 223 208 261 243 0 260 187 371 238 2 178 0 720 325
248 20540.jpg 1 200 204 232 238 0 232 204 341 247 2 162 7 713 374
249 2055.jpg 2 161 88 359 334
250 20555.jpg 0 184 214 290 259 1 152 212 185 245 2 113 16 632 405
251 20570.jpg 1 123 219 156 247 0 156 219 256 261 2 101 2 584 397
252 20585.jpg 0 147 228 243 272 1 112 232 147 256 2 81 0 585 412
253 20600.jpg 1 125 216 156 235 0 156 215 255 252 2 99 9 573 381
254 20615.jpg 1 130 203 162 216 0 161 201 257 239 2 115 0 556 380
255 20630.jpg 1 114 188 153 202 0 154 191 246 223 2 77 8 573 367
256 20645.jpg 0 127 183 218 216 2 63 0 546 362
257 20660.jpg 0 124 184 213 211 2 47 0 543 367
258 20675.jpg 0 129 184 213 212 2 48 0 535 356
259 20690.jpg 0 130 146 214 171 2 60 0 532 320
260 2070.jpg 2 175 85 359 334
261 2085.jpg 2 199 87 350 335
262 210.jpg 2 238 41 387 323
263 2100.jpg 2 206 92 334 336
264 21005.jpg 2 162 37 514 221
265 21020.jpg 2 154 27 510 218
266 21035.jpg 2 138 29 493 216
267 21050.jpg 2 117 22 487 219
268 21065.jpg 2 120 27 451 244
269 21080.jpg 2 108 0 445 205
270 21095.jpg 0 319 31 393 51 2 59 0 462 175
271 21110.jpg 0 358 54 437 74 2 60 0 494 196
272 21125.jpg 0 369 83 450 107 2 86 0 506 241
273 21140.jpg 0 349 124 439 152 1 440 128 470 138 2 58 0 494 295
274 2115.jpg 2 228 63 338 294
275 21155.jpg 0 347 121 441 152 1 442 125 470 140 2 56 0 508 289
276 21170.jpg 0 347 135 440 169 1 441 139 471 157 2 46 0 493 315
277 21185.jpg 0 340 170 440 208 1 440 171 471 195 2 37 0 492 350
278 21200.jpg 0 337 207 443 247 1 443 205 472 239 2 21 11 497 380
279 21215.jpg 0 356 226 461 273 1 461 226 493 262 2 47 21 521 406
280 21230.jpg 0 353 252 464 297 1 463 250 497 290 2 0 14 548 433
281 21245.jpg 0 362 276 471 323 1 471 274 504 317 2 0 35 536 461
282 21260.jpg 0 364 291 468 339 1 467 290 501 332 2 35 97 530 460
283 21275.jpg 0 366 298 470 346 1 469 295 502 341 2 0 103 530 467
284 21290.jpg 0 355 299 460 348 1 460 299 494 345 2 0 105 526 472
285 2130.jpg 2 209 51 335 280
286 21305.jpg 0 351 301 461 350 1 460 298 489 345 2 41 139 511 491
287 21320.jpg 0 361 317 468 365 1 467 314 497 361 2 43 149 523 497
288 21335.jpg 0 345 282 449 332 1 450 293 485 345 2 43 104 536 464
289 21350.jpg 0 271 357 353 450 1 333 443 380 475 2 112 110 440 539
290 21365.jpg 1 354 419 398 461 0 307 330 379 425 2 158 72 459 524
291 21380.jpg 1 357 418 407 452 0 325 321 392 419 2 203 61 475 518
292 21395.jpg 1 354 401 399 428 0 354 307 399 404 2 278 59 484 494
293 21410.jpg 0 362 287 407 373 1 349 372 393 398 2 265 55 541 456
294 21425.jpg 1 340 355 380 385 0 357 276 422 357 2 283 48 616 461
295 21440.jpg 0 330 248 405 326 1 301 315 340 348 2 242 30 654 457
296 2145.jpg 2 180 80 323 306
297 21455.jpg 1 332 300 368 332 0 362 245 449 314 2 284 28 720 435
298 21470.jpg 1 293 301 331 341 0 328 269 426 327 2 245 46 720 467
299 21485.jpg 0 264 278 360 325 1 232 292 263 339 2 210 54 681 455
300 21500.jpg 0 226 263 320 307 1 189 270 225 306 2 177 58 643 455
301 21515.jpg 0 192 250 291 294 1 161 251 192 289 2 141 25 634 431
302 2160.jpg 2 141 100 308 336
303 2175.jpg 2 131 108 319 338
304 2190.jpg 2 146 124 345 353
305 22010.jpg 2 154 0 519 339
306 22025.jpg 2 170 0 528 376
307 22040.jpg 0 319 248 388 261 1 389 246 448 253 2 142 0 492 362
308 2205.jpg 2 134 141 348 366
309 22055.jpg 1 383 243 441 252 0 310 246 382 257 2 143 0 512 357
310 22070.jpg 0 309 248 382 261 1 382 243 464 254 2 145 0 508 370
311 22085.jpg 1 378 221 459 232 0 303 225 374 241 2 142 0 496 355
312 22100.jpg 1 386 228 472 241 0 315 231 387 246 2 135 0 491 354
313 22115.jpg 1 401 210 484 223 0 328 212 400 229 2 163 0 526 348
314 22130.jpg 1 404 207 492 223 0 330 210 404 228 2 159 0 527 349
315 22145.jpg 1 401 187 489 204 0 322 188 401 209 2 145 0 524 340
316 22160.jpg 1 407 180 496 198 0 327 182 405 202 2 146 0 524 341
317 22175.jpg 1 388 176 482 197 0 309 179 388 202 2 133 0 512 337
318 22190.jpg 1 389 173 493 199 0 310 176 390 202 2 134 0 512 332
319 2220.jpg 2 119 160 346 374
320 22205.jpg 0 313 175 395 201 1 392 172 499 199 2 153 0 523 330
321 22220.jpg 0 306 169 389 197 1 388 166 493 192 2 136 0 508 328
322 22235.jpg 0 292 181 379 209 1 377 178 484 208 2 116 0 504 349
323 22250.jpg 0 296 192 380 226 1 380 190 488 223 2 114 0 503 365
324 22265.jpg 0 296 191 382 231 1 383 190 496 228 2 109 0 497 373
325 22280.jpg 0 288 222 375 264 1 374 220 489 257 2 96 3 508 380
326 22295.jpg 0 288 232 377 275 1 377 231 489 269 2 76 0 514 385
327 22310.jpg 0 283 257 373 297 1 372 254 491 297 2 63 16 510 408
328 22325.jpg 0 273 281 370 327 1 370 278 489 322 2 71 66 511 435
329 22340.jpg 0 281 297 376 346 1 375 297 502 343 2 65 101 510 449
330 2235.jpg 2 82 160 321 366
331 22355.jpg 0 282 339 379 383 1 379 336 506 382 2 68 152 520 490
332 22370.jpg 0 263 372 363 421 1 362 370 491 419 2 44 206 504 520
333 22385.jpg 0 245 386 340 435 1 339 387 473 429 2 17 231 496 537
334 22400.jpg 0 234 396 337 445 1 336 395 466 444 2 21 249 476 557
335 22415.jpg 1 341 390 475 437 0 243 392 340 441 2 11 249 491 549
336 22430.jpg 0 234 406 322 435 1 323 390 457 437 2 24 255 472 545
337 22445.jpg 0 190 375 293 432 1 292 396 423 452 2 0 229 448 554
338 22460.jpg 0 238 357 333 427 1 332 398 464 479 2 17 169 490 564
339 22475.jpg 0 255 364 353 447 1 336 427 463 533 2 64 176 504 618
340 22490.jpg 0 279 371 368 464 1 344 451 465 570 2 97 182 509 642
341 225.jpg 2 222 5 396 292
342 2250.jpg 2 88 123 335 310
343 22505.jpg 0 326 334 405 432 1 376 422 482 553 2 178 39 478 518
344 22520.jpg 0 332 308 389 407 1 362 405 438 538 2 191 0 502 586
345 22535.jpg 0 339 284 396 383 1 354 381 416 512 2 240 0 484 559
346 22550.jpg 0 335 318 379 414 1 335 413 377 535 2 234 0 457 582
347 22565.jpg 0 309 337 369 415 1 268 413 337 536 2 189 0 513 591
348 22580.jpg 1 246 398 341 499 0 324 324 395 401 2 179 22 579 571
349 22595.jpg 0 321 336 392 398 1 226 385 334 474 2 160 46 602 550
350 22610.jpg 0 319 373 410 426 1 207 406 320 460 2 174 145 644 550
351 22625.jpg 0 333 380 416 422 1 216 392 331 438 2 179 307 620 554
352 22640.jpg 0 336 351 422 389 1 225 352 336 400 2 201 126 649 505
353 2265.jpg 2 87 119 335 293
354 22655.jpg 0 334 323 419 362 1 224 322 333 365 2 179 103 638 471
355 22670.jpg 0 331 281 417 321 1 219 282 334 322 2 192 27 625 440
356 22685.jpg 0 279 270 369 309 1 163 272 280 308 2 115 0 605 436
357 22700.jpg 0 284 240 368 274 1 171 246 284 280 2 142 0 579 410
358 22715.jpg 0 301 219 384 250 1 191 222 302 252 2 178 0 571 373
359 22730.jpg 0 287 201 372 228 1 178 203 287 233 2 151 9 573 341
360 22745.jpg 0 284 172 368 197 1 177 174 285 200 2 164 0 553 317
361 2280.jpg 2 112 131 368 295
362 2295.jpg 2 111 149 371 305
363 23015.jpg 0 334 131 396 143 1 397 131 452 141 2 165 0 496 230
364 23030.jpg 0 316 131 381 142 1 381 131 433 139 2 147 1 471 228
365 23045.jpg 0 304 146 367 161 1 366 146 422 157 2 132 4 454 248
366 23060.jpg 1 369 154 423 166 0 304 154 370 168 2 131 1 455 254
367 23075.jpg 0 306 137 373 153 1 372 137 429 150 2 128 2 461 244
368 23090.jpg 1 353 130 411 144 0 284 128 354 146 2 110 5 442 238
369 2310.jpg 2 146 165 421 316
370 23105.jpg 0 280 133 349 150 1 348 133 407 150 2 98 8 445 251
371 23120.jpg 1 357 154 415 173 0 286 151 358 172 2 96 0 457 263
372 23135.jpg 0 299 184 373 207 1 372 186 449 205 2 102 6 468 310
373 23150.jpg 1 381 199 459 220 0 304 196 382 220 2 102 0 481 342
374 23165.jpg 0 312 208 391 238 1 389 212 471 235 2 108 0 484 352
375 23180.jpg 0 310 201 392 231 1 392 203 472 229 2 108 0 485 355
376 23195.jpg 0 319 202 402 233 1 402 206 487 232 2 106 0 494 361
377 23210.jpg 1 405 207 493 235 0 320 203 406 239 2 122 0 509 370
378 23225.jpg 0 322 220 414 258 1 413 222 505 255 2 95 0 529 381
379 23240.jpg 1 407 219 505 258 0 314 219 407 258 2 80 0 523 380
380 2325.jpg 2 175 165 442 304
381 23255.jpg 0 295 204 393 241 1 392 204 492 243 2 47 0 514 366
382 23270.jpg 1 377 207 481 247 0 275 205 378 249 2 34 0 502 374
383 23285.jpg 0 282 207 384 252 1 383 208 489 252 2 21 0 508 368
384 23300.jpg 1 369 188 475 234 0 263 188 367 235 2 0 0 497 351
385 23315.jpg 0 297 175 407 221 1 406 175 513 217 2 27 0 531 341
386 23330.jpg 1 406 189 517 235 0 301 190 407 240 2 43 0 529 352
387 23345.jpg 0 318 225 429 278 1 428 225 543 274 2 54 24 561 391
388 23360.jpg 1 448 265 566 314 0 335 264 449 315 2 51 101 598 423
389 23375.jpg 0 286 326 402 380 1 401 328 522 382 2 15 155 560 491
390 23390.jpg 1 385 365 508 420 0 266 362 385 418 2 10 205 516 522
391 2340.jpg 2 189 141 442 261
392 23405.jpg 0 271 340 391 410 1 390 354 520 424 2 14 190 539 514
393 23420.jpg 1 392 345 523 423 0 274 322 391 396 2 0 166 568 503
394 23435.jpg 0 254 286 376 376 1 372 331 498 415 2 0 103 523 434
395 23450.jpg 0 298 257 408 343 1 397 310 522 399 2 45 56 566 494
396 23465.jpg 1 401 318 520 403 0 305 269 412 344 2 89 80 550 489
397 23480.jpg 0 322 252 427 334 1 411 312 526 397 2 79 0 559 482
398 23495.jpg 1 396 331 503 433 0 322 259 411 341 2 111 0 550 510
399 23510.jpg 0 345 247 432 347 1 406 333 501 442 2 156 0 559 504
400 23525.jpg 0 361 236 442 337 1 399 331 496 441 2 207 0 552 498
401 23540.jpg 0 364 224 437 325 1 390 322 469 431 2 242 13 524 474
402 2355.jpg 2 205 143 455 259
403 23555.jpg 0 384 242 441 343 1 395 343 452 447 2 292 0 527 495
404 23570.jpg 1 383 348 430 453 0 395 247 443 347 2 310 0 525 492
405 23585.jpg 0 394 228 440 330 1 373 330 425 432 2 301 0 525 487
406 23600.jpg 1 346 320 409 424 0 379 225 444 320 2 281 0 546 476
407 23615.jpg 0 386 237 452 328 1 336 327 414 431 2 275 0 579 468
408 23630.jpg 1 336 327 409 430 0 369 231 445 327 2 287 0 582 477
409 23645.jpg 0 366 211 427 306 1 310 297 393 403 2 249 0 558 459
410 23660.jpg 1 292 291 370 391 0 348 202 420 290 2 246 0 579 450
411 23675.jpg 0 338 228 429 318 1 264 304 367 397 2 224 24 611 459
412 23690.jpg 1 254 293 354 385 0 326 228 426 312 2 208 26 622 428
413 2370.jpg 2 194 144 449 283
414 23705.jpg 0 332 237 430 305 1 249 290 358 368 2 201 0 642 444
415 23720.jpg 1 232 263 343 326 0 329 221 426 282 2 195 0 671 414
416 23735.jpg 0 321 240 417 287 1 222 273 331 315 2 198 7 674 411
417 23750.jpg 1 241 266 346 313 0 344 252 442 300 2 190 37 674 412
418 23765.jpg 0 335 291 437 338 1 233 297 336 340 2 216 122 679 447
419 23780.jpg 1 224 306 331 355 0 328 309 430 356 2 200 122 669 470
420 23795.jpg 0 333 287 432 330 1 231 282 333 329 2 199 74 662 426
421 23810.jpg 1 219 260 317 303 0 316 261 411 305 2 187 34 640 415
422 23825.jpg 0 308 240 400 282 1 216 236 309 279 2 195 5 631 391
423 23840.jpg 1 168 225 259 265 0 260 230 344 267 2 152 0 561 373
424 2385.jpg 2 167 115 425 296
425 23855.jpg 0 244 215 329 252 1 157 211 244 247 2 149 0 538 363
426 23870.jpg 1 172 213 258 247 0 257 216 337 248 2 156 0 549 359
427 23885.jpg 0 268 218 346 249 1 186 215 267 245 2 170 0 551 363
428 23900.jpg 1 188 212 264 239 0 263 213 337 243 2 168 0 540 349
429 23915.jpg 0 254 223 329 248 1 179 223 255 245 2 154 0 526 350
430 23930.jpg 1 188 219 259 240 0 257 219 331 244 2 156 0 530 355
431 23945.jpg 0 251 215 324 238 1 181 213 252 236 2 135 0 517 350
432 23960.jpg 1 199 201 259 220 0 259 201 336 222 2 155 0 538 330
433 23975.jpg 1 195 202 255 220 0 255 201 332 223 2 139 0 516 334
434 23990.jpg 0 248 192 329 212 1 192 193 250 211 2 132 0 522 325
435 240.jpg 2 178 24 373 322
436 2400.jpg 2 184 104 425 305
437 24005.jpg 1 190 184 254 200 0 254 183 326 202 2 145 1 531 309
438 24020.jpg 0 253 160 329 177 1 192 158 255 174 2 155 0 526 282
439 24035.jpg 1 215 104 279 120 0 278 106 355 122 2 174 0 546 224
440 2415.jpg 2 181 104 399 318
441 2430.jpg 2 166 104 371 338
442 2445.jpg 2 197 75 366 318
443 2460.jpg 2 174 50 333 305
444 2475.jpg 2 198 58 328 316
445 2490.jpg 2 237 58 342 309
446 25010.jpg 2 138 0 600 290
447 25025.jpg 1 193 162 267 170 0 267 160 352 171 2 139 0 583 298
448 25040.jpg 1 213 182 285 194 0 285 182 372 196 2 174 7 603 322
449 2505.jpg 2 212 78 324 333
450 25055.jpg 0 282 175 370 193 1 212 175 284 190 2 187 0 593 318
451 25070.jpg 0 276 203 361 223 1 204 203 277 219 2 155 0 591 351
452 25085.jpg 0 272 201 357 218 1 202 200 273 218 2 169 0 579 362
453 25100.jpg 0 291 199 372 219 1 221 199 293 219 2 176 0 590 332
454 25115.jpg 0 296 206 374 229 1 224 207 296 226 2 187 0 584 341
455 25130.jpg 0 320 201 395 225 1 244 200 319 223 2 204 0 601 367
456 25145.jpg 0 325 191 401 216 1 250 191 325 214 2 217 0 606 356
457 25160.jpg 0 330 169 410 197 1 253 170 331 194 2 248 5 621 317
458 25175.jpg 0 325 189 404 215 1 237 189 323 216 2 216 0 613 334
459 25190.jpg 0 328 208 415 240 1 240 207 328 239 2 221 0 627 359
460 2520.jpg 2 162 80 308 349
461 25205.jpg 0 310 219 399 251 1 219 218 311 251 2 197 0 615 374
462 25220.jpg 0 322 221 413 258 1 231 222 321 258 2 198 3 633 391
463 25235.jpg 0 306 239 402 276 1 214 238 305 276 2 182 0 636 401
464 25250.jpg 0 276 244 371 283 1 177 245 276 286 2 161 0 602 407
465 25265.jpg 0 267 240 365 282 1 165 243 270 283 2 138 0 602 400
466 25280.jpg 0 251 251 352 295 1 148 257 254 303 2 109 0 593 430
467 25295.jpg 0 244 281 341 329 1 136 297 243 338 2 91 22 588 458
468 25310.jpg 1 177 344 280 385 0 278 316 376 358 2 134 55 630 509
469 25325.jpg 0 333 350 425 407 1 236 395 337 438 2 185 106 652 550
470 25340.jpg 1 242 404 341 450 0 334 360 422 400 2 194 88 650 547
471 2535.jpg 2 147 78 317 339
472 25355.jpg 1 222 411 314 474 0 307 354 388 417 2 177 107 610 566
473 25370.jpg 0 354 359 437 423 1 273 426 371 499 2 218 108 634 585
474 25385.jpg 0 368 323 438 411 1 291 407 373 499 2 227 93 647 557
475 25400.jpg 0 368 331 434 422 1 309 422 379 514 2 255 100 596 582
476 25415.jpg 0 363 339 422 435 1 312 436 371 534 2 255 86 553 588
477 25430.jpg 0 369 333 420 429 1 333 429 390 532 2 265 94 555 580
478 25445.jpg 1 379 378 429 489 0 390 281 443 376 2 290 17 565 541
479 25460.jpg 0 385 279 434 379 1 383 380 433 487 2 289 0 548 541
480 25475.jpg 0 381 288 434 391 1 389 395 448 497 2 281 0 536 552
481 25490.jpg 0 357 329 426 432 1 385 438 452 541 2 245 47 526 592
482 255.jpg 2 166 52 386 364
483 2550.jpg 2 129 71 320 320
484 25505.jpg 0 383 310 446 407 1 422 407 503 505 2 227 39 562 564
485 25520.jpg 0 437 232 523 325 1 497 321 597 411 2 241 0 646 503
486 25535.jpg 0 391 269 478 356 1 468 339 572 423 2 158 0 610 517
487 25550.jpg 0 392 304 504 375 1 489 364 615 435 2 121 2 651 536
488 25565.jpg 0 383 287 486 353 1 486 323 600 390 2 115 0 630 514
489 25580.jpg 0 377 286 478 348 1 476 315 592 371 2 79 0 620 497
490 25595.jpg 0 355 244 458 304 1 460 268 573 322 2 88 0 589 451
491 25610.jpg 0 346 221 452 276 1 453 246 562 296 2 71 0 588 427
492 2565.jpg 2 110 73 317 320
493 2580.jpg 2 140 119 366 347
494 2595.jpg 2 173 147 409 363
495 26015.jpg 0 298 291 337 343 1 296 341 339 377 2 236 0 398 496
496 26030.jpg 0 300 308 337 364 1 299 361 338 408 2 230 0 400 517
497 26045.jpg 0 299 346 337 402 1 300 399 336 455 2 241 45 405 541
498 26060.jpg 0 301 329 339 388 1 301 386 341 443 2 235 31 411 529
499 26075.jpg 0 300 322 337 385 1 298 383 338 443 2 244 29 411 526
500 26090.jpg 0 288 304 328 368 1 285 366 329 432 2 223 0 408 519
501 2610.jpg 2 190 146 428 335
502 26105.jpg 0 294 287 335 356 1 293 354 338 419 2 222 0 405 502
503 26120.jpg 0 292 282 331 353 1 291 352 334 420 2 226 0 410 509
504 26135.jpg 0 294 275 337 352 1 295 350 337 425 2 226 0 409 516
505 26150.jpg 0 298 282 342 361 1 301 360 342 431 2 210 0 426 512
506 26165.jpg 0 292 272 335 351 1 293 351 338 434 2 226 0 408 502
507 26180.jpg 0 291 272 334 356 1 292 357 338 438 2 205 1 416 506
508 26195.jpg 0 284 271 329 354 1 286 353 334 439 2 218 0 397 517
509 26210.jpg 0 279 271 328 361 1 283 360 329 450 2 208 0 410 513
510 26225.jpg 0 281 284 329 379 1 283 378 331 470 2 207 8 406 525
511 26240.jpg 0 286 292 334 390 1 287 388 335 486 2 203 30 420 539
512 2625.jpg 2 193 188 435 350
513 26255.jpg 0 285 302 334 402 1 285 402 337 506 2 211 43 417 555
514 26270.jpg 0 295 319 342 424 1 294 424 346 529 2 210 87 430 572
515 26285.jpg 0 292 319 340 429 1 293 428 346 535 2 206 68 426 567
516 26300.jpg 0 279 315 329 424 1 283 424 333 536 2 192 62 419 576
517 26315.jpg 0 279 325 330 437 1 281 437 333 551 2 183 84 438 584
518 26330.jpg 0 279 319 329 430 1 281 431 334 544 2 186 72 428 583
519 2640.jpg 2 170 188 416 333
520 2655.jpg 2 180 137 450 288
521 2670.jpg 2 170 64 505 261
522 2685.jpg 2 128 80 505 291
523 270.jpg 2 116 88 364 398
524 2700.jpg 2 36 124 438 347
525 27005.jpg 1 303 312 346 358 0 304 266 345 313 2 240 0 409 463
526 27020.jpg 0 305 270 345 324 1 305 319 345 362 2 236 0 408 476
527 27035.jpg 0 310 270 352 322 1 309 319 352 366 2 254 0 415 477
528 27050.jpg 0 305 272 346 326 1 309 325 347 373 2 248 0 414 481
529 27065.jpg 0 304 281 343 338 1 304 337 344 387 2 239 0 410 496
530 27080.jpg 0 303 280 342 341 1 305 337 346 392 2 245 0 411 499
531 27095.jpg 0 306 268 343 331 1 307 331 349 379 2 247 0 409 483
532 27110.jpg 0 301 268 340 333 1 304 331 347 384 2 234 0 411 496
533 27125.jpg 0 301 259 341 327 1 301 326 346 384 2 236 0 413 484
534 27140.jpg 0 307 258 349 326 1 309 325 351 386 2 248 0 415 481
535 2715.jpg 2 46 179 466 418
536 27155.jpg 1 317 331 362 395 0 316 263 358 333 2 260 0 432 487
537 27170.jpg 0 310 271 351 344 1 313 343 358 409 2 248 0 424 498
538 27185.jpg 0 303 276 345 353 1 308 351 353 428 2 231 0 414 512
539 27200.jpg 1 318 347 362 422 0 313 272 356 349 2 244 0 427 500
540 27215.jpg 0 316 274 356 352 1 320 350 364 431 2 250 0 418 513
541 27230.jpg 0 315 272 357 356 1 319 355 364 436 2 244 0 435 503
542 27245.jpg 0 319 266 359 351 1 321 350 369 435 2 241 0 438 499
543 27260.jpg 1 319 348 366 435 0 317 260 362 350 2 240 0 444 493
544 27275.jpg 0 314 258 358 350 1 316 349 364 438 2 243 0 437 497
545 27290.jpg 0 307 277 353 371 1 313 372 358 463 2 221 0 442 523
546 2730.jpg 2 26 183 448 452
547 27305.jpg 0 304 297 351 390 1 310 390 356 485 2 223 18 432 531
548 27320.jpg 0 313 301 361 398 1 315 397 365 495 2 237 43 442 532
549 27335.jpg 0 302 349 352 447 1 307 448 358 548 2 228 106 437 582
550 2745.jpg 2 37 177 449 477
551 2760.jpg 2 68 170 456 489
552 2775.jpg 2 75 152 424 489
553 2790.jpg 2 59 118 375 457
554 28010.jpg 0 313 260 364 310 1 313 308 364 352 2 199 0 464 488
555 28025.jpg 0 302 257 355 309 1 305 309 353 350 2 206 0 452 480
556 28040.jpg 0 293 268 347 327 1 295 326 347 367 2 193 0 442 505
557 2805.jpg 2 56 82 337 434
558 28055.jpg 0 299 270 348 326 1 299 324 349 364 2 194 0 451 507
559 28070.jpg 0 301 269 348 326 1 301 324 351 371 2 196 0 443 496
560 28085.jpg 0 298 259 346 324 1 301 322 349 368 2 202 0 449 499
561 28100.jpg 0 298 275 346 341 1 299 340 348 391 2 186 9 443 515
562 28115.jpg 0 289 276 340 346 1 291 345 339 397 2 188 0 435 516
563 28130.jpg 0 283 265 335 337 1 283 336 335 393 2 184 1 432 510
564 28145.jpg 0 276 259 325 336 1 275 337 325 394 2 186 1 419 508
565 28160.jpg 0 282 261 329 341 1 281 339 330 403 2 178 3 423 514
566 28175.jpg 0 285 253 337 340 1 286 341 338 405 2 185 1 438 520
567 28190.jpg 0 289 256 341 348 1 291 347 342 412 2 192 0 437 520
568 2820.jpg 2 89 117 329 485
569 28205.jpg 0 302 243 355 337 1 301 336 355 408 2 204 2 446 505
570 28220.jpg 0 306 238 361 334 1 310 333 358 400 2 210 0 455 497
571 28235.jpg 0 313 243 367 344 1 314 343 368 422 2 205 0 461 505
572 28250.jpg 0 307 247 361 354 1 308 352 361 434 2 210 0 452 511
573 28265.jpg 0 289 240 346 350 1 292 349 343 437 2 191 0 440 503
574 28280.jpg 0 293 232 349 344 1 297 343 349 430 2 198 0 446 506
575 28295.jpg 0 304 235 361 347 1 305 347 358 432 2 214 15 453 487
576 28310.jpg 0 295 250 352 366 1 299 365 352 458 2 204 0 452 512
577 28325.jpg 0 296 269 353 388 1 297 386 352 478 2 198 7 445 521
578 28340.jpg 0 294 289 352 411 1 296 410 352 502 2 197 26 454 551
579 2835.jpg 2 139 117 341 496
580 28355.jpg 0 291 319 351 442 1 292 440 349 535 2 196 40 446 566
581 28370.jpg 0 300 351 361 476 1 301 475 360 573 2 188 72 469 605
582 28385.jpg 0 294 413 354 532 1 295 532 352 630 2 191 104 460 650
583 285.jpg 2 101 96 359 392
584 2850.jpg 2 131 132 346 527
585 2865.jpg 2 92 149 347 542
586 2880.jpg 2 65 115 350 506
587 2895.jpg 2 91 67 392 458
588 29015.jpg 1 284 292 336 332 0 311 237 361 289 2 198 0 475 478
589 29030.jpg 0 307 259 358 317 1 283 310 333 364 2 193 0 468 490
590 29045.jpg 0 301 250 348 308 1 283 308 326 359 2 174 1 462 487
591 29060.jpg 0 310 261 351 323 1 292 325 331 376 2 185 2 461 487
592 29075.jpg 0 286 270 339 335 1 264 337 308 394 2 169 18 463 512
593 29090.jpg 0 285 266 331 338 1 259 337 306 395 2 163 20 454 515
594 2910.jpg 2 55 40 422 452
595 29105.jpg 0 290 245 337 319 1 269 320 311 380 2 164 21 462 488
596 29120.jpg 0 287 237 338 315 1 266 316 317 376 2 166 0 456 484
597 29135.jpg 0 286 235 331 318 1 263 318 313 389 2 168 0 453 490
598 29150.jpg 0 295 206 352 293 1 271 293 329 364 2 181 2 467 483
599 29165.jpg 0 292 194 349 288 1 265 286 325 358 2 169 0 481 488
600 29180.jpg 0 290 203 349 303 1 266 301 324 379 2 169 0 485 492
601 29195.jpg 0 285 218 351 326 1 259 323 323 411 2 168 0 493 503
602 29210.jpg 0 274 235 340 352 1 247 352 311 443 2 158 0 492 536
603 29225.jpg 0 284 265 354 386 1 262 386 323 484 2 170 1 502 568
604 29240.jpg 0 275 273 345 402 1 263 402 323 506 2 169 0 471 573
605 2925.jpg 2 46 58 479 476
606 29255.jpg 0 280 284 344 414 1 277 413 337 515 2 173 1 451 575
607 29270.jpg 0 266 294 335 423 1 271 422 337 524 2 154 10 440 575
608 29285.jpg 0 299 281 370 402 1 314 403 376 499 2 191 0 476 567
609 29300.jpg 0 314 309 390 435 1 341 434 409 535 2 185 16 501 604
610 29315.jpg 0 318 287 395 411 1 349 408 419 505 2 177 0 508 591
611 29330.jpg 0 308 276 385 392 1 341 390 410 481 2 169 0 492 574
612 29345.jpg 0 304 271 380 381 1 339 379 409 463 2 174 0 490 563
613 29360.jpg 0 300 272 373 370 1 329 369 397 444 2 179 2 470 547
614 29375.jpg 0 293 265 361 355 1 322 353 375 423 2 174 0 401 461
615 29390.jpg 0 299 255 368 342 1 329 338 379 404 2 175 0 456 510
616 2940.jpg 2 16 121 479 531
617 29405.jpg 0 290 262 358 339 1 317 338 371 398 2 179 11 447 510
618 29420.jpg 1 325 339 375 397 0 303 267 358 340 2 190 13 449 502
619 29435.jpg 0 299 257 352 327 1 325 325 370 379 2 192 22 446 491
620 29450.jpg 0 302 256 353 319 1 328 317 375 366 2 197 0 452 479
621 29465.jpg 0 318 283 371 340 1 342 340 389 382 2 202 20 464 488
622 29480.jpg 0 311 272 363 331 1 334 328 376 370 2 206 0 436 457
623 29495.jpg 0 319 278 367 333 1 341 328 383 367 2 225 1 458 485
624 29510.jpg 0 322 296 371 346 1 343 343 385 378 2 240 18 415 381
625 29525.jpg 0 317 299 360 350 1 339 347 380 379 2 238 36 447 486
626 29540.jpg 0 321 286 364 332 1 340 328 371 357 2 239 31 446 461
627 2955.jpg 2 2 139 486 557
628 2970.jpg 2 0 135 497 527
629 2985.jpg 2 0 117 492 471
630 30.jpg 2 147 67 481 267
631 300.jpg 2 98 102 374 389
632 3000.jpg 2 2 125 511 454
633 30005.jpg 0 298 99 364 160 1 320 161 345 193 2 177 0 482 384
634 30020.jpg 0 303 115 366 182 1 326 181 348 214 2 174 0 486 393
635 30035.jpg 0 303 148 364 219 1 321 219 343 252 2 170 0 475 411
636 30050.jpg 0 292 157 355 225 1 292 225 355 259 2 167 3 458 411
637 30065.jpg 1 286 214 345 247 0 287 146 347 215 2 174 0 451 391
638 30080.jpg 0 297 148 352 215 1 298 216 353 252 2 191 0 444 388
639 30095.jpg 0 296 147 352 223 1 298 221 350 259 2 194 5 440 372
640 30110.jpg 0 286 150 334 222 1 286 222 338 261 2 192 1 425 388
641 30125.jpg 0 285 152 339 230 1 288 228 340 268 2 186 0 466 347
642 30140.jpg 0 280 148 334 233 1 281 233 335 270 2 182 0 426 394
643 3015.jpg 2 11 148 529 450
644 30155.jpg 0 295 149 347 238 1 295 235 349 275 2 192 0 446 400
645 30170.jpg 0 303 159 361 248 1 304 248 359 291 2 212 0 449 409
646 30185.jpg 0 317 164 373 260 1 318 258 372 306 2 215 0 459 414
647 30200.jpg 0 306 158 361 259 1 305 259 360 312 2 195 0 455 413
648 30215.jpg 0 301 174 355 278 1 300 278 354 332 2 201 0 449 426
649 30230.jpg 0 302 183 363 297 1 303 294 362 354 2 210 0 455 443
650 30245.jpg 0 306 187 366 307 1 306 305 363 367 2 200 0 469 451
651 30260.jpg 0 316 211 380 338 1 318 338 379 397 2 217 5 470 478
652 30275.jpg 0 322 238 385 370 1 323 368 384 438 2 209 0 495 507
653 30290.jpg 0 314 254 376 391 1 313 392 376 458 2 195 0 476 524
654 3030.jpg 2 19 117 519 386
655 30305.jpg 0 325 305 393 449 1 328 449 390 519 2 225 0 488 570
656 30320.jpg 0 344 324 407 464 1 339 460 402 531 2 240 0 514 576
657 30335.jpg 0 305 316 363 455 1 292 455 357 522 2 212 0 496 584
658 30350.jpg 0 267 292 327 423 1 251 420 313 493 2 164 0 475 559
659 30365.jpg 0 257 263 316 384 1 243 383 298 448 2 164 0 467 533
660 30380.jpg 0 272 235 330 353 1 257 351 315 413 2 168 0 490 503
661 30395.jpg 0 289 214 340 321 1 270 319 320 378 2 190 0 507 487
662 30410.jpg 0 283 209 330 310 1 262 311 308 362 2 178 1 492 470
663 30425.jpg 0 291 195 349 291 1 276 290 324 341 2 194 0 493 458
664 30440.jpg 0 296 188 344 282 1 279 279 324 331 2 195 0 494 444
665 3045.jpg 2 62 154 552 394
666 30455.jpg 0 284 199 342 287 1 271 285 315 335 2 194 1 484 442
667 30470.jpg 0 294 189 350 270 1 278 272 323 314 2 194 0 497 439
668 30485.jpg 0 305 199 354 278 1 289 275 332 318 2 193 0 494 441
669 30500.jpg 0 302 199 350 267 1 281 266 323 305 2 195 0 493 439
670 30515.jpg 0 294 194 348 259 1 278 257 317 297 2 196 0 481 420
671 30530.jpg 1 269 251 311 283 0 289 192 341 251 2 175 0 474 418
672 30545.jpg 0 286 184 334 239 1 274 239 307 270 2 180 0 484 398
673 30560.jpg 0 235 149 282 204 1 216 204 255 235 2 117 0 427 352
674 3060.jpg 2 75 166 563 399
675 3075.jpg 2 53 156 538 418
676 3090.jpg 2 63 127 499 398
677 31010.jpg 0 328 237 379 288 1 281 286 346 342 2 200 4 510 492
678 31025.jpg 0 322 266 374 320 1 275 319 340 378 2 196 0 514 526
679 31040.jpg 0 315 258 366 316 1 271 316 329 374 2 165 0 488 526
680 3105.jpg 2 100 89 487 378
681 31055.jpg 0 310 227 353 288 1 272 289 320 353 2 168 4 484 494
682 31070.jpg 0 303 193 357 252 1 264 250 314 320 2 165 0 482 460
683 31085.jpg 0 303 187 354 255 1 258 251 318 325 2 167 0 488 462
684 31100.jpg 0 298 190 354 264 1 257 259 312 347 2 161 0 483 482
685 31115.jpg 0 294 175 359 255 1 248 255 320 339 2 161 15 489 479
686 31130.jpg 0 307 181 358 263 1 260 260 317 355 2 165 0 493 490
687 31145.jpg 0 286 187 342 275 1 239 271 299 372 2 148 0 483 508
688 31160.jpg 0 287 180 346 274 1 239 270 308 381 2 144 0 488 509
689 31175.jpg 0 281 210 355 303 1 236 303 299 416 2 130 0 503 553
690 31190.jpg 0 298 201 357 302 1 254 301 317 413 2 163 0 508 526
691 3120.jpg 2 70 61 439 377
692 31205.jpg 0 298 175 355 286 1 243 283 314 402 2 146 0 508 517
693 31220.jpg 0 275 187 338 295 1 233 295 295 421 2 148 0 493 517
694 31235.jpg 1 208 293 264 421 0 245 186 296 294 2 110 0 438 505
695 31250.jpg 1 227 307 284 439 0 252 201 308 308 2 129 0 431 516
696 31265.jpg 1 266 331 319 458 0 283 225 338 331 2 173 0 437 528
697 31280.jpg 0 290 222 340 325 1 278 324 329 442 2 169 11 429 511
698 31295.jpg 0 291 233 347 332 1 289 332 337 448 2 186 0 438 528
699 31310.jpg 0 290 209 346 304 1 290 303 338 408 2 175 0 421 497
700 31325.jpg 0 291 201 343 287 1 290 284 338 386 2 216 0 426 475
701 31340.jpg 0 301 207 350 289 1 297 288 346 382 2 214 0 431 480
702 3135.jpg 2 56 36 393 383
703 31355.jpg 0 303 208 349 285 1 300 286 347 370 2 220 1 424 465
704 31370.jpg 0 298 204 342 276 1 295 275 342 355 2 219 0 412 457
705 31385.jpg 0 295 193 335 263 1 292 259 337 335 2 217 0 412 440
706 31400.jpg 0 290 193 334 256 1 287 254 332 322 2 210 0 406 432
707 31415.jpg 0 303 196 344 253 1 299 252 343 311 2 227 0 404 371
708 31430.jpg 0 306 205 343 263 1 301 258 346 319 2 236 0 418 422
709 31445.jpg 0 312 218 354 265 1 310 265 351 314 2 239 1 395 395
710 31460.jpg 0 317 226 357 268 1 313 267 356 314 2 238 0 424 425
711 31475.jpg 0 310 234 349 273 1 306 272 346 314 2 236 0 412 413
712 31490.jpg 0 317 222 354 261 1 313 259 353 298 2 237 0 419 397
713 315.jpg 2 73 101 368 385
714 3150.jpg 2 59 20 353 377
715 3165.jpg 2 97 36 349 412
716 3180.jpg 2 150 26 352 423
717 3195.jpg 2 156 41 343 447
718 32015.jpg 0 293 154 337 186 1 290 185 335 214 2 210 0 419 340
719 32030.jpg 0 292 166 338 201 1 290 200 335 236 2 201 0 428 348
720 32045.jpg 0 296 175 337 217 1 292 215 335 258 2 201 4 432 368
721 32060.jpg 1 278 214 321 264 0 285 173 323 216 2 188 2 405 375
722 32075.jpg 0 298 213 341 265 1 293 264 340 319 2 214 3 420 438
723 32090.jpg 0 295 202 338 257 1 292 254 338 317 2 201 0 433 423
724 3210.jpg 2 105 18 338 416
725 32105.jpg 0 306 175 349 237 1 306 236 351 298 2 215 0 437 410
726 32120.jpg 0 307 175 350 237 1 308 235 347 302 2 233 0 434 414
727 32135.jpg 0 294 177 339 242 1 294 240 337 313 2 197 14 435 424
728 32150.jpg 0 293 179 335 245 1 291 243 336 322 2 204 0 420 428
729 32165.jpg 0 286 171 329 246 1 282 244 328 328 2 200 0 394 342
730 32180.jpg 0 295 163 337 239 1 295 238 341 323 2 208 0 416 362
731 32195.jpg 0 311 176 354 258 1 312 256 358 345 2 226 1 439 432
732 32210.jpg 0 303 184 345 260 1 300 262 348 357 2 214 0 428 442
733 32225.jpg 1 292 271 342 375 0 292 186 340 272 2 218 0 426 460
734 32240.jpg 1 293 269 343 373 0 291 178 342 269 2 211 0 426 445
735 3225.jpg 2 49 17 332 420
736 32255.jpg 0 280 191 329 286 1 279 285 330 394 2 192 0 418 472
737 32270.jpg 0 296 193 344 291 1 294 290 346 403 2 210 0 435 480
738 32285.jpg 0 305 204 358 309 1 303 309 356 423 2 220 0 437 500
739 32300.jpg 0 286 186 336 288 1 282 288 331 405 2 204 0 415 472
740 32315.jpg 1 277 294 329 416 0 283 190 331 296 2 196 0 408 477
741 32330.jpg 0 292 202 343 311 1 286 310 337 435 2 200 0 431 487
742 32345.jpg 0 279 247 337 361 1 274 360 330 494 2 178 0 439 460
743 32360.jpg 0 286 275 340 389 1 278 389 330 521 2 191 0 429 568
744 32375.jpg 0 256 256 311 368 1 244 368 296 497 2 166 0 426 551
745 32390.jpg 0 250 229 307 336 1 232 337 285 456 2 156 0 425 536
746 3240.jpg 2 39 26 362 444
747 32405.jpg 0 261 188 314 289 1 243 289 290 405 2 157 0 429 477
748 32420.jpg 1 248 276 298 377 0 275 184 323 276 2 165 5 448 450
749 32435.jpg 0 274 182 320 262 1 246 260 296 361 2 165 4 431 441
750 32450.jpg 0 287 169 333 249 1 260 248 308 338 2 179 0 452 423
751 32465.jpg 0 309 184 352 262 1 283 259 328 347 2 202 5 472 438
752 32480.jpg 0 298 186 348 255 1 270 251 320 335 2 188 0 464 423
753 32495.jpg 0 304 184 354 253 1 280 251 319 332 2 198 3 476 426
754 32510.jpg 0 305 194 346 252 1 272 253 311 327 2 183 0 467 422
755 32525.jpg 0 311 184 348 242 1 279 244 323 310 2 199 0 474 421
756 32540.jpg 1 277 229 313 294 0 307 181 340 232 2 179 2 459 390
757 3255.jpg 2 69 69 430 493
758 32555.jpg 0 319 186 352 241 1 286 239 321 295 2 201 3 494 401
759 32570.jpg 0 325 190 359 240 1 291 238 329 291 2 200 0 489 391
760 32585.jpg 0 319 199 361 247 1 288 241 328 292 2 196 0 485 397
761 32600.jpg 0 336 187 379 232 1 306 228 347 273 2 226 3 490 376
762 32615.jpg 0 319 122 355 164 1 286 162 329 205 2 218 0 473 316
763 3270.jpg 2 35 2 416 423
764 3285.jpg 2 1 1 403 408
765 330.jpg 2 55 114 365 398
766 3300.jpg 2 0 2 408 352
767 33005.jpg 0 312 119 368 174 1 330 175 350 201 2 196 5 492 362
768 33020.jpg 0 299 130 353 194 1 318 193 336 221 2 179 0 461 367
769 33035.jpg 0 295 133 349 194 1 295 193 349 225 2 175 0 448 367
770 33050.jpg 0 296 136 349 205 1 297 206 352 235 2 178 14 460 381
771 33065.jpg 0 298 131 356 209 1 301 207 356 243 2 175 0 453 385
772 33080.jpg 0 299 108 357 185 1 300 184 358 223 2 174 0 467 364
773 33095.jpg 0 291 112 353 198 1 295 196 352 239 2 188 0 452 370
774 33110.jpg 1 288 188 346 235 0 284 99 346 189 2 186 0 497 352
775 33125.jpg 0 273 96 334 195 1 277 193 337 241 2 167 0 436 372
776 33140.jpg 0 276 93 344 199 1 280 198 341 249 2 173 0 434 366
777 3315.jpg 2 0 0 434 367
778 33155.jpg 0 289 105 348 211 1 289 213 347 264 2 176 0 460 387
779 33170.jpg 0 306 106 371 220 1 309 220 369 276 2 193 0 459 386
780 33185.jpg 0 313 136 376 253 1 316 253 375 311 2 202 1 490 411
781 33200.jpg 1 306 267 365 324 0 306 143 367 267 2 207 0 460 411
782 33215.jpg 0 309 146 373 273 1 310 270 370 335 2 209 0 467 413
783 33230.jpg 0 307 143 367 275 1 303 276 365 343 2 188 0 463 420
784 33245.jpg 0 304 165 368 302 1 303 303 369 372 2 193 0 461 446
785 33260.jpg 0 310 180 378 325 1 310 324 376 392 2 204 0 482 461
786 33275.jpg 0 300 200 364 341 1 299 342 362 414 2 205 4 473 470
787 33290.jpg 0 279 202 340 338 1 272 337 335 402 2 176 0 461 471
788 3330.jpg 2 18 29 470 408
789 33305.jpg 0 243 189 302 320 1 229 320 289 385 2 145 0 446 460
790 33320.jpg 0 255 167 311 291 1 243 293 294 355 2 156 0 461 435
791 33335.jpg 0 268 139 329 259 1 257 259 304 319 2 166 0 477 424
792 33350.jpg 1 259 234 313 290 0 274 124 331 234 2 167 0 482 404
793 33365.jpg 0 276 116 332 226 1 256 225 309 277 2 181 0 491 402
794 33380.jpg 0 271 116 325 220 1 253 219 296 270 2 178 0 491 398
795 33395.jpg 0 258 101 310 195 1 236 195 275 240 2 158 0 482 361
796 33410.jpg 0 266 92 315 179 1 244 177 286 222 2 160 0 476 354
797 33425.jpg 0 264 76 320 157 1 245 160 290 200 2 169 0 478 324
798 33440.jpg 0 284 76 332 150 1 266 151 304 191 2 174 0 494 320
799 3345.jpg 2 0 92 472 460
800 33455.jpg 0 289 64 337 133 1 269 134 308 168 2 183 0 507 299
801 33470.jpg 2 191 0 478 221
802 3360.jpg 2 16 27 518 397
803 3375.jpg 2 0 53 479 404
804 3390.jpg 2 0 72 430 368
805 3405.jpg 2 17 119 434 379
806 3420.jpg 2 82 104 481 354
807 3435.jpg 2 22 102 404 349
808 345.jpg 2 77 107 395 372
809 3450.jpg 2 2 78 357 329
810 3465.jpg 2 0 51 324 308
811 3480.jpg 2 1 61 296 314
812 3495.jpg 2 2 134 246 361
813 3510.jpg 2 48 125 271 335
814 3525.jpg 2 28 65 234 274
815 3540.jpg 2 72 80 264 302
816 3555.jpg 2 142 80 344 305
817 3570.jpg 2 160 99 395 335
818 3585.jpg 2 149 94 412 324
819 360.jpg 2 89 85 415 333
820 3600.jpg 2 104 121 394 354
821 3615.jpg 2 49 90 354 306
822 3630.jpg 2 3 71 331 283
823 3645.jpg 2 9 93 356 300
824 3660.jpg 2 53 82 448 304
825 3675.jpg 2 81 71 517 302
826 3690.jpg 2 34 84 479 320
827 3705.jpg 2 65 153 509 387
828 3720.jpg 2 151 181 608 419
829 3735.jpg 2 221 168 608 400
830 375.jpg 2 100 97 434 327
831 3750.jpg 2 146 171 608 408
832 3765.jpg 2 22 181 472 400
833 3780.jpg 2 25 211 437 413
834 3795.jpg 2 36 181 432 378
835 3810.jpg 2 31 176 413 366
836 3825.jpg 2 0 175 350 362
837 3840.jpg 2 2 180 299 351
838 3855.jpg 2 40 173 313 341
839 3870.jpg 2 29 151 281 323
840 3885.jpg 2 46 209 264 393
841 390.jpg 2 96 94 430 303
842 3900.jpg 2 155 176 321 347
843 3915.jpg 2 179 153 313 322
844 3930.jpg 2 140 121 289 307
845 3945.jpg 2 114 66 300 255
846 3960.jpg 2 33 61 251 272
847 3975.jpg 2 11 28 246 249
848 3990.jpg 2 58 72 316 308
849 4005.jpg 2 77 76 356 328
850 4020.jpg 2 76 61 398 330
851 4035.jpg 2 59 60 416 350
852 405.jpg 2 100 88 424 271
853 4050.jpg 2 67 92 459 396
854 4065.jpg 2 10 96 400 399
855 420.jpg 2 120 101 438 267
856 435.jpg 2 158 78 474 232
857 45.jpg 2 119 61 442 275
858 450.jpg 2 131 72 439 244
859 465.jpg 2 111 78 411 268
860 480.jpg 2 124 66 405 276
861 495.jpg 2 129 88 392 310
862 5010.jpg 2 110 63 499 430 0 355 293 437 319 1 437 300 461 320
863 5025.jpg 2 119 55 508 438 0 363 297 445 326
864 5040.jpg 2 142 54 528 452 0 380 305 458 338
865 5055.jpg 2 122 63 513 499 0 351 327 432 367
866 5070.jpg 2 153 81 503 525
867 5085.jpg 2 195 80 450 541 0 304 351 364 407 1 338 404 380 432
868 510.jpg 2 120 92 369 326
869 5100.jpg 2 195 72 434 535 0 298 345 354 402 1 324 398 368 431
870 5115.jpg 2 198 46 439 525 0 298 330 358 389 1 327 385 370 416
871 5130.jpg 2 189 26 429 513 0 291 321 348 379 1 316 375 360 404
872 5145.jpg 2 180 13 406 507 0 266 317 323 373 1 290 371 335 402
873 5160.jpg 2 197 10 379 504 0 259 317 305 374 1 263 373 306 397
874 5175.jpg 2 125 13 402 510 0 224 313 272 370 1 199 368 240 399
875 5190.jpg 2 127 19 412 495 0 217 305 266 362 1 187 354 226 390
876 5205.jpg 2 121 7 406 479 0 206 294 258 345 1 180 342 219 373
877 5220.jpg 2 109 1 404 480 0 203 285 254 340 1 178 333 214 361
878 5235.jpg 2 112 5 450 482 1 172 329 208 354 0 210 284 266 333
879 525.jpg 2 147 93 385 341
880 5250.jpg 2 101 1 484 458 0 192 278 266 311 1 151 304 194 330
881 5265.jpg 2 113 1 512 423 0 193 254 270 289
882 5280.jpg 2 120 3 528 402 0 193 245 274 275
883 5295.jpg 2 124 4 537 391 0 197 242 280 275
884 5310.jpg 2 124 1 537 405 0 201 234 284 272
885 5325.jpg 2 124 2 537 406 0 199 229 279 263
886 5340.jpg 2 124 4 539 408 0 197 226 284 261
887 5355.jpg 2 148 0 543 450
888 5370.jpg 2 168 0 516 464
889 5385.jpg 2 192 1 507 468
890 540.jpg 2 171 79 388 339
891 5400.jpg 2 245 0 510 465
892 5415.jpg 2 245 1 465 471
893 5430.jpg 2 254 3 452 480
894 5445.jpg 2 250 1 445 479
895 5460.jpg 2 215 1 479 467
896 5475.jpg 2 192 2 509 473
897 5490.jpg 2 170 0 544 468
898 5505.jpg 2 152 3 559 455 0 410 221 479 257
899 5520.jpg 2 136 1 557 420 0 399 230 483 264
900 5535.jpg 2 136 2 557 399 0 402 247 483 279
901 555.jpg 2 173 63 367 333
902 5550.jpg 2 130 1 557 404 0 405 251 487 282
903 5565.jpg 2 140 1 557 397 0 404 242 489 273
904 5580.jpg 2 148 2 569 405 0 413 248 503 279
905 5595.jpg 2 154 0 582 437 0 418 261 511 304
906 5610.jpg 2 157 0 577 450 0 411 264 504 310
907 5625.jpg 2 157 0 580 455 0 413 272 501 316
908 5640.jpg 2 174 2 565 467 0 397 269 482 322
909 5655.jpg 2 216 1 505 479 0 353 279 422 339 1 395 338 438 362
910 5670.jpg 2 243 1 458 477 0 326 280 380 337 1 338 337 385 365
911 570.jpg 2 194 45 359 313
912 585.jpg 2 212 34 356 293
913 60.jpg 2 119 73 435 306
914 600.jpg 2 221 22 345 273
915 6015.jpg 2 137 4 587 463
916 6030.jpg 2 156 1 607 488 0 426 325 505 350
917 6045.jpg 2 159 13 613 498
918 6060.jpg 2 166 10 607 497 0 414 337 495 355
919 6075.jpg 2 187 5 613 520 0 419 343 483 368
920 6090.jpg 2 228 5 546 539
921 6105.jpg 2 262 4 530 536
922 6120.jpg 2 266 0 546 539
923 6135.jpg 2 281 1 511 534
924 615.jpg 2 188 12 296 269
925 6150.jpg 2 210 6 493 547
926 6165.jpg 2 133 12 526 541
927 6180.jpg 2 168 11 610 525
928 6195.jpg 2 173 16 607 489
929 6210.jpg 2 181 32 629 489
930 6225.jpg 2 179 29 631 486
931 6240.jpg 2 186 17 637 485
932 6255.jpg 2 227 22 655 490
933 6270.jpg 2 292 18 615 523
934 6285.jpg 2 352 21 546 532
935 630.jpg 2 166 24 290 276
936 6300.jpg 2 282 20 587 544
937 6315.jpg 2 219 7 594 523
938 645.jpg 2 169 19 320 271
939 660.jpg 2 146 38 320 286
940 675.jpg 2 111 46 303 291
941 690.jpg 2 99 49 312 284
942 7005.jpg 0 393 143 553 181 1 553 140 619 180 2 0 96 696 431
943 7020.jpg 0 388 147 546 185 1 546 144 607 183 2 0 87 680 442
944 7035.jpg 0 380 144 537 185 1 536 141 601 182 2 0 102 676 442
945 705.jpg 2 123 61 344 284
946 7050.jpg 0 383 138 540 182 1 542 137 603 179 2 0 89 610 512
947 7065.jpg 0 377 133 534 176 1 534 131 597 177 2 0 98 602 459
948 7080.jpg 0 374 131 532 176 1 532 128 618 178 2 0 86 659 423
949 7095.jpg 0 365 116 528 158 1 529 113 615 159 2 0 54 670 427
950 7110.jpg 0 359 106 522 152 1 521 107 612 150 2 10 56 645 435
951 7125.jpg 0 359 100 525 149 1 525 99 615 147 2 0 48 655 400
952 7140.jpg 0 351 93 520 146 1 520 94 612 144 2 0 41 660 404
953 7155.jpg 0 348 107 518 162 1 519 105 608 161 2 8 60 648 416
954 7170.jpg 0 342 116 515 172 1 514 116 608 173 2 0 84 658 422
955 7185.jpg 0 351 139 528 201 1 529 140 619 197 2 0 91 658 452
956 720.jpg 2 131 75 364 294
957 7200.jpg 0 337 142 517 205 1 517 140 610 200 2 0 83 641 448
958 7215.jpg 0 330 157 508 217 1 507 154 605 217 2 0 109 647 463
959 7230.jpg 0 333 181 510 249 1 509 179 603 244 2 0 116 640 480
960 7245.jpg 0 327 187 506 250 1 506 183 599 251 2 70 135 636 493
961 7260.jpg 0 316 191 494 258 1 493 187 586 255 2 11 146 637 486
962 7275.jpg 0 322 196 502 266 1 501 192 599 264 2 53 157 671 486
963 7290.jpg 0 309 219 493 291 1 492 213 587 293 2 22 176 621 501
964 7305.jpg 0 303 219 489 292 1 489 216 584 294 2 58 172 620 527
965 7320.jpg 0 301 225 487 299 1 487 221 587 300 2 0 165 619 521
966 7335.jpg 0 303 234 494 310 1 493 228 596 311 2 18 183 630 527
967 735.jpg 2 145 80 390 296
968 7350.jpg 0 298 243 488 326 1 487 242 591 329 2 32 190 626 535
969 7365.jpg 0 305 243 502 326 1 501 240 609 331 2 33 169 635 540
970 7380.jpg 0 300 254 499 341 1 498 251 607 342 2 18 194 631 523
971 7395.jpg 0 300 265 500 357 1 498 263 611 358 2 36 197 635 545
972 7410.jpg 0 298 277 504 369 1 502 275 619 372 2 7 202 637 568
973 7425.jpg 0 291 289 500 382 1 500 287 614 379 2 2 191 651 583
974 7440.jpg 0 286 313 494 405 1 492 311 609 404 2 16 222 611 576
975 7455.jpg 0 286 317 495 413 1 493 314 609 406 2 21 213 601 564
976 7470.jpg 0 277 334 482 427 1 480 331 593 418 2 6 223 617 607
977 7485.jpg 0 280 347 487 443 1 485 342 599 439 2 14 223 602 541
978 75.jpg 2 119 66 434 311
979 750.jpg 2 112 106 368 315
980 7500.jpg 0 284 357 495 448 1 493 351 605 448 2 29 233 610 585
981 7515.jpg 0 286 374 500 468 1 500 369 611 468 2 8 248 631 631
982 7530.jpg 0 280 377 494 476 1 493 375 605 472 2 38 241 634 640
983 765.jpg 2 116 96 366 291
984 780.jpg 2 89 132 349 309
985 795.jpg 2 138 188 403 367
986 8010.jpg 0 308 281 440 312 1 439 276 592 304 2 6 224 660 510
987 8025.jpg 0 302 301 432 332 1 432 296 578 323 2 0 255 591 706
988 8040.jpg 0 308 292 440 323 1 439 289 588 316 2 29 239 656 510
989 8055.jpg 0 309 272 442 304 1 442 269 593 298 2 48 224 659 497
990 8070.jpg 0 309 248 440 283 1 439 246 589 276 2 39 181 661 517
991 8085.jpg 0 306 232 437 267 1 436 230 584 264 2 54 196 642 460
992 810.jpg 2 164 159 434 338
993 8100.jpg 0 287 210 420 244 1 420 207 568 244 2 27 155 629 443
994 8115.jpg 0 271 179 410 215 1 410 178 584 211 2 21 102 630 467
995 8130.jpg 0 256 196 396 236 1 395 193 571 230 2 47 150 611 438
996 8145.jpg 0 248 190 388 231 1 388 187 565 228 2 17 93 601 473
997 8160.jpg 0 246 187 386 230 1 386 184 565 227 2 0 52 599 447
998 8175.jpg 0 260 184 399 228 1 398 181 578 227 2 0 114 602 458
999 8190.jpg 0 259 184 400 230 1 400 181 582 226 2 7 104 629 444
1000 8205.jpg 0 249 167 393 214 1 392 164 577 214 2 0 60 608 418
1001 8220.jpg 0 234 164 379 213 1 379 163 565 209 2 0 67 614 425
1002 8235.jpg 0 240 161 385 210 1 384 159 571 206 2 0 75 606 433
1003 825.jpg 2 165 127 442 311
1004 8250.jpg 0 242 169 386 221 1 385 166 572 217 2 0 86 628 436
1005 8265.jpg 0 245 174 394 226 1 393 169 583 220 2 0 115 658 438
1006 8280.jpg 0 237 182 384 232 1 384 175 573 229 2 9 118 622 460
1007 8295.jpg 0 239 183 386 235 1 384 178 574 234 2 0 120 623 458
1008 8310.jpg 0 239 190 388 249 1 387 184 580 249 2 0 129 627 470
1009 8325.jpg 0 236 188 387 243 1 388 181 581 237 2 1 113 621 452
1010 8340.jpg 0 236 190 390 250 1 389 183 584 247 2 5 102 621 472
1011 8355.jpg 0 227 189 378 245 1 376 181 572 244 2 0 105 613 469
1012 8370.jpg 0 216 199 372 258 1 371 189 569 255 2 0 136 609 470
1013 8385.jpg 0 214 219 366 279 1 367 207 558 275 2 0 174 590 464
1014 840.jpg 2 203 84 481 270
1015 8400.jpg 0 218 225 369 285 1 371 216 561 284 2 5 174 598 464
1016 8415.jpg 0 231 252 382 314 1 383 243 572 309 2 1 184 596 494
1017 8430.jpg 0 215 260 367 323 1 367 251 563 320 2 0 203 589 500
1018 8445.jpg 0 227 262 379 326 1 377 254 575 320 2 7 198 582 487
1019 8460.jpg 0 228 281 384 350 1 383 272 583 338 2 6 211 609 519
1020 8475.jpg 0 228 278 384 347 1 383 267 583 340 2 29 212 628 516
1021 8490.jpg 0 237 281 394 350 1 394 271 597 341 2 14 198 618 506
1022 8505.jpg 0 241 283 397 356 1 395 270 597 345 2 28 206 630 520
1023 8520.jpg 0 230 296 390 367 1 389 284 599 361 2 0 193 626 534
1024 8535.jpg 0 229 310 393 382 1 392 296 604 377 2 4 197 592 545
1025 855.jpg 2 190 42 466 225
1026 8550.jpg 0 215 330 375 406 1 374 313 588 396 2 41 221 612 575
1027 8565.jpg 0 216 346 383 422 1 383 332 596 414 2 2 227 618 575
1028 8580.jpg 0 216 366 388 442 1 387 354 602 431 2 51 273 685 600
1029 8595.jpg 0 209 386 379 462 1 379 372 597 452 2 0 259 627 609
1030 870.jpg 2 189 64 468 246
1031 885.jpg 2 242 106 510 277
1032 90.jpg 2 129 43 448 317
1033 900.jpg 2 224 95 496 254
1034 9015.jpg 0 270 137 409 161 1 409 127 551 150 2 0 84 626 350
1035 9030.jpg 0 279 148 417 179 1 417 140 560 165 2 0 83 629 372
1036 9045.jpg 0 280 150 419 179 1 418 140 559 167 2 5 56 643 394
1037 9060.jpg 0 267 151 405 182 1 405 140 547 170 2 0 75 622 399
1038 9075.jpg 0 268 148 410 179 1 410 138 553 170 2 20 41 624 391
1039 9090.jpg 0 269 149 407 178 1 406 138 552 173 2 0 101 611 378
1040 9105.jpg 0 258 143 399 179 1 398 133 545 168 2 10 82 627 436
1041 9120.jpg 0 246 142 388 176 1 387 132 532 169 2 0 84 629 397
1042 9135.jpg 0 253 125 396 159 1 395 113 563 155 2 0 77 618 368
1043 915.jpg 2 213 129 474 273
1044 9150.jpg 0 249 119 394 158 1 396 109 562 150 2 0 80 601 361
1045 9165.jpg 0 248 122 393 160 1 392 113 563 152 2 0 76 603 359
1046 9180.jpg 0 253 107 399 144 1 398 101 569 141 2 0 0 623 344
1047 9195.jpg 0 245 99 394 139 1 392 89 565 135 2 0 0 612 393
1048 9210.jpg 0 233 117 381 163 1 383 110 555 158 2 0 0 607 428
1049 9225.jpg 0 236 131 386 176 1 385 124 558 172 2 7 48 596 396
1050 9240.jpg 0 228 146 378 194 1 378 140 557 187 2 0 61 587 428
1051 9255.jpg 0 225 159 377 206 1 374 151 557 202 2 0 69 623 448
1052 9270.jpg 0 228 173 380 226 1 380 166 557 218 2 0 106 584 453
1053 9285.jpg 0 215 190 369 241 1 368 183 550 237 2 0 116 571 479
1054 930.jpg 2 229 113 485 257
1055 9300.jpg 0 213 211 368 269 1 366 207 548 262 2 10 154 592 500
1056 9315.jpg 0 217 208 375 272 1 374 204 559 264 2 4 157 592 504
1057 9330.jpg 0 197 227 361 288 1 361 222 549 284 2 0 180 622 505
1058 9345.jpg 0 186 244 349 305 1 348 238 540 300 2 0 187 577 516
1059 9360.jpg 0 175 259 344 321 1 344 250 536 316 2 0 202 615 530
1060 9375.jpg 0 182 261 355 329 1 354 254 556 323 2 1 195 593 537
1061 9390.jpg 0 184 290 357 360 1 357 285 565 357 2 0 237 603 567
1062 9405.jpg 0 189 304 365 374 1 365 297 571 370 2 1 236 606 568
1063 9420.jpg 0 189 320 365 394 1 365 313 575 387 2 0 263 611 569
1064 9435.jpg 0 186 344 366 423 1 367 334 583 419 2 1 259 617 607
1065 945.jpg 2 265 127 500 271
1066 9450.jpg 0 181 346 363 429 1 362 337 579 421 2 23 269 624 601
1067 9465.jpg 0 174 370 365 455 1 364 361 589 447 2 80 268 613 634
1068 9480.jpg 0 174 380 363 466 1 362 371 587 455 2 0 281 617 633
1069 9495.jpg 0 162 407 357 497 1 357 396 585 491 2 2 299 613 649
1070 9510.jpg 0 165 437 363 526 1 362 426 601 515 2 7 310 623 688
1071 960.jpg 2 293 134 512 276
1072 975.jpg 2 247 126 461 270
1073 990.jpg 2 196 125 400 269
1074 IMG_20200709_101135.jpg 2 41 295 555 562
1075 IMG_20200709_101249.jpg 2 139 301 515 508
1076 IMG_20200709_101354.jpg 2 64 29 511 440
1077 IMG_20200709_101627.jpg 2 38 145 594 393
1078 IMG_20200709_101630.jpg 2 23 145 577 444
1079 IMG_20200709_101633.jpg 2 71 134 600 483
1080 IMG_20200709_101635.jpg 2 104 131 579 519
1081 IMG_20200709_101637.jpg 2 29 119 544 459
1082 IMG_20200709_101641.jpg 2 44 172 576 389
1083 IMG_20200709_101643.jpg 2 192 172 608 424
1084 IMG_20200709_101713.jpg 2 23 260 500 438
1085 IMG_20200709_101715.jpg 2 97 252 521 433
1086 IMG_20200709_101718.jpg 2 135 258 452 423
1087 IMG_20200709_101723.jpg 2 144 276 366 471
1088 IMG_20200709_101725.jpg 2 107 260 421 452
1089 IMG_20200709_101727.jpg 2 97 302 371 491
1090 IMG_20200709_101809.jpg 2 78 213 451 423
1091 IMG_20200709_101811.jpg 2 97 222 491 427
1092 IMG_20200709_101814.jpg 2 85 186 560 376
1093 IMG_20200709_101816.jpg 2 10 210 498 383
1094 IMG_20200709_101820.jpg 2 40 224 504 408
1095 IMG_20200709_101822.jpg 2 72 235 450 424
1096 IMG_20200709_101824.jpg 2 133 232 456 417
1097 IMG_20200709_101826.jpg 2 134 234 448 430
1098 IMG_20200709_101828.jpg 2 159 262 418 480
1099 IMG_20200709_101844.jpg 2 267 283 469 445
1100 IMG_20200709_101854.jpg 2 216 243 466 445
1101 IMG_20200709_101857.jpg 2 246 235 541 431
1102 IMG_20200709_101859.jpg 2 236 253 574 428
1103 IMG_20200709_101907.jpg 2 24 214 412 406
1104 IMG_20200709_101908.jpg 2 97 230 470 408
1105 IMG_20200709_101910.jpg 2 115 253 491 406
1106 IMG_20200709_101912.jpg 2 182 259 542 393
1107 IMG_20200709_101925.jpg 2 245 314 469 415
1108 IMG_20200709_102004.jpg 2 73 233 539 424
1109 IMG_20200709_102011.jpg 2 2 154 511 446
1110 IMG_20200709_102031.jpg 2 138 173 488 386
1111 IMG_20200709_102034.jpg 2 156 179 454 449
1112 IMG_20200709_102037.jpg 2 219 188 374 478
1113 IMG_20200709_102040.jpg 2 93 185 368 477
1114 IMG_20200709_102042.jpg 2 85 208 443 452
1115 IMG_20200709_102044.jpg 2 75 271 484 438
1116 IMG_20200709_102046.jpg 2 72 239 474 471
1117 IMG_20200709_102059.jpg 2 58 275 559 468
1118 IMG_20200709_102101.jpg 2 28 268 537 437
1119 IMG_20200709_102104.jpg 2 107 172 476 460
1120 IMG_20200709_102105.jpg 2 109 170 479 463
1121 IMG_20200709_102108.jpg 2 153 150 358 452
1122 IMG_20200709_102110.jpg 2 129 168 432 460
1123 IMG_20200709_102112.jpg 2 77 167 402 466
1124 IMG_20200709_102114.jpg 2 57 202 474 451
1125 IMG_20200709_102116.jpg 2 72 224 509 421
1126 IMG_20200709_102118.jpg 2 66 248 507 408
1127 IMG_20200709_102120.jpg 2 65 222 508 458
1128 IMG_20200709_102128.jpg 2 46 137 422 392
1129 IMG_20200709_102131.jpg 2 127 144 334 428
1130 IMG_20200709_102137.jpg 2 137 208 515 406
1131 IMG_20200709_102143.jpg 2 142 242 519 425
1132 IMG_20200709_102159.jpg 2 184 163 356 509
1133 IMG_20200709_102202.jpg 2 62 275 457 413
1134 IMG_20200709_102209.jpg 2 146 261 429 516
1135 IMG_20200709_102214.jpg 2 78 354 451 498
1136 IMG_20200709_102217.jpg 2 75 312 452 510 1 396 407 443 434
1137 IMG_20200709_102221.jpg 2 100 211 485 490 0 340 380 417 405 1 418 379 461 403
1138 IMG_20200709_102224.jpg 2 145 246 444 524 0 314 393 379 445 1 360 437 406 474
1139 IMG_20200709_102233.jpg 2 208 252 383 457 0 268 340 306 387 1 257 390 284 416
1140 IMG_20200709_102235.jpg 2 186 244 457 464 0 255 351 307 390 1 223 386 260 408
1141 IMG_20200709_102238.jpg 2 194 229 503 409 1 210 332 248 352 0 244 326 314 347
1142 IMG_20200709_102241.jpg 2 199 204 488 457
1143 IMG_20200709_102245.jpg 2 148 214 479 450 0 360 326 421 349 1 420 321 455 337
1144 IMG_20200709_102246.jpg 2 180 223 462 456 1 394 383 430 411 0 337 346 396 394
1145 IMG_20200709_102248.jpg 2 209 193 449 471 1 368 395 406 425 0 329 353 384 402
1146 IMG_20200709_102250.jpg 2 164 198 468 447 0 342 333 406 374 1 406 362 442 387
1147 IMG_20200709_102253.jpg 2 94 141 503 443 1 437 337 486 369 0 359 309 440 356
1148 IMG_20200709_102300.jpg 2 108 101 486 383 0 346 261 424 299 1 427 254 467 279
1149 IMG_20200709_102305.jpg 2 187 222 384 503
1150 IMG_20200709_103555.jpg 2 112 147 464 514 1 149 379 202 418 0 203 330 266 386
1151 IMG_20200709_103558.jpg 2 105 135 555 495 0 164 355 261 399 1 114 359 165 391
1152 IMG_20200709_103603.jpg 2 28 5 496 574 0 163 378 253 423 1 50 409 111 439
1153 IMG_20200709_103606.jpg 2 59 0 424 604 0 183 373 246 450 1 102 465 152 520
1154 IMG_20200709_103608.jpg 2 173 2 382 574 0 255 346 300 432 1 242 449 291 496
1155 IMG_20200709_103610.jpg 2 202 5 451 547 0 299 336 365 416 1 329 415 384 464
1156 IMG_20200709_103612.jpg 2 154 4 486 494 0 327 301 404 370 1 396 360 446 397
1157 IMG_20200709_103617.jpg 2 16 9 530 476 0 315 303 405 358 1 458 341 500 373
1158 IMG_20200709_103619.jpg 2 143 1 532 523 1 432 392 486 440 0 329 290 407 364
1159 IMG_20200709_103622.jpg 2 221 24 411 513 0 294 318 340 387 1 313 417 356 455
1160 IMG_20200709_103627.jpg 2 173 7 376 587 0 259 347 301 420 1 231 483 271 526
1161 IMG_20200709_103631.jpg 2 111 45 593 529 0 257 335 318 380 1 122 403 171 435
1162 IMG_20200709_103636.jpg 2 97 95 508 440 0 212 296 279 335 1 116 278 154 307
1163 IMG_20200709_103647.jpg 2 64 35 514 500
1164 IMG_20200709_103650.jpg 2 135 50 515 451 0 344 237 411 281 1 436 199 472 228
1165 IMG_20200709_103651.jpg 2 176 48 551 431 0 376 289 458 329 1 483 283 529 313
1166 IMG_20200709_103656.jpg 2 206 1 552 517 1 469 378 520 425 0 383 312 474 386
1167 IMG_20200709_103838.jpg 2 10 94 556 420
1168 IMG_20200709_103841.jpg 2 67 131 532 406
1169 IMG_20200709_103844.jpg 2 119 122 461 503
1170 IMG_20200709_103850.jpg 2 168 256 607 540
1171 IMG_20200709_103853.jpg 2 109 202 565 513
1172 IMG_20200709_103854.jpg 2 90 133 401 542
1173 IMG_20200709_103859.jpg 2 102 156 359 608
1174 IMG_20200709_103901.jpg 2 24 113 479 477
1175 IMG_20200709_103904.jpg 2 2 211 443 457
1176 IMG_20200709_103905.jpg 2 4 100 447 464
1177 IMG_20200709_103907.jpg 2 1 179 473 468
1178 IMG_20200709_103909.jpg 2 4 26 468 452
1179 IMG_20200709_103913.jpg 2 5 0 486 547
1180 IMG_20200709_103918.jpg 2 212 24 442 459
1181 IMG_20200709_103920.jpg 2 194 78 422 503
1182 IMG_20200709_122344.jpg 2 159 238 493 421
1183 IMG_20200709_122344_1.jpg 2 160 239 496 419
1184 IMG_20200709_122345.jpg 2 130 209 471 428
1185 IMG_20200709_122345_1.jpg 2 152 195 488 455
1186 IMG_20200709_122346.jpg 2 177 202 478 471
1187 IMG_20200709_122346_1.jpg 2 187 198 462 474
1188 IMG_20200709_122347.jpg 2 199 185 454 477
1189 IMG_20200709_122347_1.jpg 2 211 175 449 483
1190 IMG_20200709_122348.jpg 2 221 165 448 476
1191 IMG_20200709_122348_1.jpg 2 262 200 453 504
1192 IMG_20200709_122351.jpg 2 247 262 460 577
1193 IMG_20200709_122352.jpg 2 258 261 492 578
1194 IMG_20200709_122352_1.jpg 2 240 260 500 577
1195 IMG_20200709_122353.jpg 2 211 282 474 593
1196 IMG_20200709_122354.jpg 2 179 311 453 606
1197 IMG_20200709_122354_1.jpg 2 155 305 438 584
1198 IMG_20200709_122355.jpg 2 107 317 395 576
1199 IMG_20200709_122355_1.jpg 2 105 332 378 559
1200 IMG_20200709_122356.jpg 2 119 317 388 523
1201 IMG_20200709_122356_1.jpg 2 86 338 366 537
1202 IMG_20200709_122403.jpg 2 184 167 322 432
1203 IMG_20200709_122404.jpg 2 196 160 360 435
1204 IMG_20200709_122404_1.jpg 2 167 154 368 434
1205 IMG_20200709_122405.jpg 2 155 160 375 432
1206 IMG_20200709_122406.jpg 2 150 186 412 433
1207 IMG_20200709_122406_1.jpg 2 153 192 422 436
1208 IMG_20200709_122407.jpg 2 133 195 414 423
1209 IMG_20200709_122408.jpg 2 114 208 408 435
1210 IMG_20200709_122408_1.jpg 2 106 230 409 445
1211 IMG_20200709_122409.jpg 2 85 231 412 452
1212 IMG_20200709_122409_1.jpg 2 62 240 400 435
1213 IMG_20200709_122410.jpg 2 52 237 385 415
1214 IMG_20200709_122411.jpg 2 150 219 374 496
1215 IMG_20200709_122412.jpg 2 175 204 359 491
1216 IMG_20200709_122415.jpg 2 92 206 421 381
1217 IMG_20200709_122416.jpg 2 83 188 414 362
1218 IMG_20200709_122416_1.jpg 2 84 192 407 371
1219 IMG_20200709_122416_2.jpg 2 84 183 393 372
1220 IMG_20200709_122417.jpg 2 76 176 370 400
1221 IMG_20200709_122418.jpg 2 95 171 376 396
1222 IMG_20200709_122418_1.jpg 2 119 121 355 349
1223 IMG_20200709_122419.jpg 2 154 143 351 360
1224 IMG_20200709_122420.jpg 2 190 148 348 359
1225 IMG_20200709_122420_1.jpg 2 214 150 346 345
1226 IMG_20200709_122421.jpg 2 185 157 307 347
1227 IMG_20200709_122422.jpg 2 188 166 319 352
1228 IMG_20200709_122422_1.jpg 2 194 170 338 355
1229 IMG_20200709_122423.jpg 2 199 180 349 358
1230 IMG_20200709_122423_1.jpg 2 180 185 350 367
1231 IMG_20200709_122424.jpg 2 170 192 358 374
1232 IMG_20200709_122428.jpg 2 145 216 391 401
1233 IMG_20200709_122428_1.jpg 2 146 215 386 395
1234 IMG_20200709_122428_2.jpg 2 114 222 367 405
1235 IMG_20200709_122429.jpg 2 106 234 362 408
1236 IMG_20200709_122429_1.jpg 2 102 238 368 411
1237 IMG_20200709_122430.jpg 2 99 234 366 395
1238 IMG_20200709_122430_1.jpg 2 106 232 364 379
1239 IMG_20200709_122432.jpg 2 126 228 390 372
1240 IMG_20200709_122456.jpg 2 168 269 415 408
1241 IMG_20200709_122457.jpg 2 162 254 412 393
1242 IMG_20200709_122457_1.jpg 2 117 255 355 387
1243 IMG_20200709_122458.jpg 2 126 248 352 380
1244 IMG_20200709_122458_1.jpg 2 143 241 369 374
1245 IMG_20200709_122459.jpg 2 158 229 368 366
1246 IMG_20200709_122500.jpg 2 151 222 354 365
1247 IMG_20200709_122500_1.jpg 2 152 212 351 357
1248 IMG_20200709_122501.jpg 2 146 211 340 355
1249 IMG_20200709_122501_1.jpg 2 159 197 339 349
1250 IMG_20200709_122504.jpg 2 236 231 457 357
1251 IMG_20200709_122505.jpg 2 265 240 466 367
1252 IMG_20200709_122506.jpg 2 287 241 473 369
1253 IMG_20200709_122506_1.jpg 2 267 226 447 354
1254 IMG_20200709_122507.jpg 2 255 217 418 344
1255 IMG_20200709_122508.jpg 2 246 212 403 340
1256 IMG_20200709_122510.jpg 2 341 268 545 443
1257 IMG_20200709_122522.jpg 2 183 229 339 405
1258 IMG_20200709_122523.jpg 2 177 243 331 415
1259 IMG_20200709_122523_1.jpg 2 175 241 352 416
1260 IMG_20200709_122523_2.jpg 2 172 235 349 400
1261 IMG_20200709_122524.jpg 2 150 246 332 407
1262 IMG_20200709_122524_1.jpg 2 153 248 355 402
1263 IMG_20200709_122525.jpg 2 163 261 374 410
1264 IMG_20200709_122525_1.jpg 2 157 278 374 422
1265 IMG_20200709_122526.jpg 2 178 281 401 423
1266 IMG_20200709_122526_1.jpg 2 194 268 425 403
1267 IMG_20200709_122527.jpg 2 204 260 440 388
1268 IMG_20200709_122528.jpg 2 226 318 449 506
1269 IMG_20200709_122528_1.jpg 2 200 312 406 491
1270 IMG_20200709_122528_2.jpg 2 170 303 368 484
1271 IMG_20200709_122529.jpg 2 157 290 340 478
1272 IMG_20200709_122529_1.jpg 2 161 287 303 467
1273 IMG_20200709_122532.jpg 2 242 176 373 443
1274 IMG_20200709_122533.jpg 2 216 188 354 485
1275 IMG_20200709_122534.jpg 2 219 193 361 498
1276 IMG_20200709_122538.jpg 2 131 224 435 384
1277 IMG_20200709_122539.jpg 2 121 233 439 422
1278 IMG_20200709_122539_1.jpg 2 120 222 439 424
1279 IMG_20200709_122539_2.jpg 2 107 215 437 442
1280 IMG_20200709_122540.jpg 2 114 196 435 461
1281 IMG_20200709_122540_1.jpg 2 111 206 430 507
1282 IMG_20200709_122541.jpg 2 100 214 425 538
1283 IMG_20200709_122543.jpg 2 215 239 524 503
